Z(km) N2 CO2 CO O O2 N H NO H2 H2O
1 8.363E+13 1.768E+17 1.026E+13 1.15E+12 1.085E+13 796700000 1753666.667 3.69E+11 959700 3.69E+11
2 7.78797E+13 1.58076E+17 9.55454E+12 1.10413E+12 1.00017E+13 768822408.2 1749210.735 3.41884E+11 949983.0186 3.41884E+11
3 7.25249E+13 1.41335E+17 8.89759E+12 1.06008E+12 9.21967E+12 741920290.3 1744766.125 3.16761E+11 940364.4218 3.16761E+11
4 6.75382E+13 1.26367E+17 8.2858E+12 1.0178E+12 8.49881E+12 715959513.3 1740332.809 2.93484E+11 930843.2135 2.93484E+11
5 6.28944E+13 1.12984E+17 7.71609E+12 9.772E+11 7.83431E+12 690907138.4 1735910.757 2.71917E+11 921418.4076 2.71917E+11
6 5.85699E+13 1.01019E+17 7.18554E+12 9.3822E+11 7.22177E+12 666731379.4 1731499.942 2.51936E+11 912089.0281 2.51936E+11
7 5.45427E+13 9.03203E+16 6.69148E+12 9.00795E+11 6.65712E+12 643401562.3 1727100.334 2.33422E+11 902854.1087 2.33422E+11
8 5.07924E+13 8.07549E+16 6.23138E+12 8.64863E+11 6.13662E+12 620888086.5 1722711.905 2.16269E+11 893712.6931 2.16269E+11
9 4.73E+13 7.22026E+16 5.80292E+12 8.30365E+11 5.65681E+12 599162387.2 1718334.627 2.00377E+11 884663.8345 2.00377E+11
10 4.40478E+13 6.4556E+16 5.40392E+12 7.97242E+11 5.21452E+12 578196899 1713968.471 1.85652E+11 875706.5957 1.85652E+11
11 4.10191E+13 5.77192E+16 5.03236E+12 7.65441E+11 4.80682E+12 557965021 1709613.409 1.72009E+11 866840.0492 1.72009E+11
12 3.81987E+13 5.16065E+16 4.68634E+12 7.34908E+11 4.43099E+12 538441083.4 1705269.413 1.59369E+11 858063.2766 1.59369E+11
13 3.55722E+13 4.61411E+16 4.36412E+12 7.05593E+11 4.08454E+12 519600314.3 1700936.455 1.47658E+11 849375.369 1.47658E+11
14 3.31264E+13 4.12546E+16 4.06405E+12 6.77448E+11 3.76518E+12 501418808.7 1696614.506 1.36808E+11 840775.4267 1.36808E+11
15 3.08486E+13 3.68855E+16 3.78461E+12 6.50425E+11 3.47079E+12 483873498.2 1692303.539 1.26754E+11 832262.5589 1.26754E+11
16 2.87275E+13 3.29792E+16 3.52439E+12 6.2448E+11 3.19942E+12 466942121.4 1688003.526 1.1744E+11 823835.8841 1.1744E+11
17 2.67523E+13 2.94865E+16 3.28206E+12 5.9957E+11 2.94927E+12 450603196 1683714.439 1.0881E+11 815494.5296 1.0881E+11
18 2.49129E+13 2.63638E+16 3.05639E+12 5.75654E+11 2.71867E+12 434835991.3 1679436.251 1.00814E+11 807237.6314 1.00814E+11
19 2.31999E+13 2.35717E+16 2.84624E+12 5.52692E+11 2.50611E+12 419620502 1675168.933 93405673407 799064.3345 93405673407
20 2.16047E+13 2.10754E+16 2.65054E+12 5.30645E+11 2.31016E+12 404937423 1670912.457 86541787422 790973.7924 86541787422
21 2.01192E+13 1.88434E+16 2.46829E+12 5.09478E+11 2.12954E+12 390768124.4 1666666.798 80182291899 782965.1671 80182291899
22 1.87358E+13 1.68478E+16 2.29857E+12 4.89156E+11 1.96304E+12 377094628.3 1662431.926 74290121867 775037.6294 74290121867
23 1.74476E+13 1.50635E+16 2.14053E+12 4.69644E+11 1.80955E+12 363899586.1 1658207.814 68830936062 767190.3581 68830936062
24 1.62479E+13 1.34682E+16 1.99335E+12 4.5091E+11 1.66807E+12 351166256 1653994.436 63772916777 759422.5406 63772916777
25 1.51307E+13 1.20419E+16 1.85629E+12 4.32924E+11 1.53765E+12 338878482 1649791.763 59086584419 751733.3725 59086584419
26 1.40904E+13 1.07666E+16 1.72865E+12 4.15655E+11 1.41742E+12 327020673.5 1645599.77 54744625693 744122.0573 54744625693
27 1.31216E+13 9.62635E+15 1.6098E+12 3.99074E+11 1.3066E+12 315577785.5 1641418.427 50721734413 736587.8068 50721734413
28 1.22193E+13 8.60687E+15 1.49911E+12 3.83156E+11 1.20444E+12 304535299.4 1637247.71 46994464009 729129.8407 46994464009
29 1.13792E+13 7.69537E+15 1.39603E+12 3.67872E+11 1.11027E+12 293879204.5 1633087.589 43541090878 721747.3867 43541090878
30 1.05967E+13 6.88039E+15 1.30004E+12 3.53198E+11 1.02346E+12 283595980.6 1628938.04 40341487764 714439.6802 40341487764
31 9.86813E+12 6.15172E+15 1.21065E+12 3.39109E+11 9.43437E+11 273672580.3 1624799.033 37377006460 707205.9644 37377006460
32 9.18962E+12 5.50023E+15 1.12741E+12 3.25582E+11 8.69673E+11 264096413 1620670.544 34630369115 700045.49 34630369115
33 8.55776E+12 4.91773E+15 1.04989E+12 3.12595E+11 8.01676E+11 254855328.5 1616552.545 32085567535 692957.5157 32085567535
34 7.96934E+12 4.39692E+15 9.77704E+11 3.00126E+11 7.38995E+11 245937601.8 1612445.01 29727769884 685941.3072 29727769884
35 7.42138E+12 3.93126E+15 9.10479E+11 2.88154E+11 6.81215E+11 237331918.3 1608347.911 27543234238 678996.1379 27543234238
36 6.9111E+12 3.51492E+15 8.47876E+11 2.7666E+11 6.27953E+11 229027359.1 1604261.223 25519228495 672121.2887 25519228495
37 6.4359E+12 3.14268E+15 7.89578E+11 2.65624E+11 5.78855E+11 221013387.4 1600184.919 23643956164 665316.0474 23643956164
38 5.99338E+12 2.80985E+15 7.35288E+11 2.55029E+11 5.33596E+11 213279835.2 1596118.972 21906487621 658579.7093 21906487621
39 5.58129E+12 2.51228E+15 6.84731E+11 2.44856E+11 4.91876E+11 205816890.3 1592063.357 20296696396 651911.5767 20296696396
40 5.19753E+12 2.24621E+15 6.3765E+11 2.35089E+11 4.53417E+11 198615083.8 1588018.047 18805200164 645310.9592 18805200164
41 4.84016E+12 2.00833E+15 5.93806E+11 2.25711E+11 4.17966E+11 191665278 1583983.015 17423306055 638777.173 17423306055
42 4.50736E+12 1.79564E+15 5.52977E+11 2.16708E+11 3.85286E+11 184958655.2 1579958.236 16142959991 632309.5416 16142959991
43 4.19744E+12 1.60547E+15 5.14955E+11 2.08064E+11 3.55162E+11 178486706.1 1575943.684 14956699748 625907.395 14956699748
44 3.90883E+12 1.43544E+15 4.79548E+11 1.99764E+11 3.27393E+11 172241219 1571939.333 13857611459 619570.0703 13857611459
45 3.64006E+12 1.28342E+15 4.46575E+11 1.91796E+11 3.01795E+11 166214269.8 1567945.156 12839289320 613296.9111 12839289320
46 3.38978E+12 1.1475E+15 4.15869E+11 1.84145E+11 2.78198E+11 160398211.6 1563961.128 11895798258 607087.2678 11895798258
47 3.1567E+12 1.02598E+15 3.87275E+11 1.768E+11 2.56447E+11 154785665 1559987.223 11021639334 600940.4973 11021639334
48 2.93966E+12 9.17322E+14 3.60646E+11 1.69747E+11 2.36396E+11 149369508.9 1556023.416 10211717699 594855.9629 10211717699
49 2.73753E+12 8.20173E+14 3.35849E+11 1.62976E+11 2.17913E+11 144142871.3 1552069.68 9461312895 588833.0346 9461312895
50 2.5493E+12 7.33313E+14 3.12757E+11 1.56475E+11 2.00875E+11 139099120.6 1548125.991 8766051348 582871.0885 8766051348
51 2.37402E+12 6.55652E+14 2.91252E+11 1.50234E+11 1.85169E+11 134231857.5 1544192.322 8121880873 576969.5072 8121880873
52 2.21078E+12 5.86215E+14 2.71226E+11 1.44241E+11 1.70691E+11 129534906.4 1540268.648 7525047059 571127.6796 7525047059
53 2.05877E+12 5.24132E+14 2.52577E+11 1.38487E+11 1.57345E+11 125002307.9 1536354.944 6972071387 565345.0006 6972071387
54 1.91722E+12 4.68624E+14 2.3521E+11 1.32963E+11 1.45043E+11 120628311 1532451.185 6459730955 559620.8713 6459730955
55 1.78539E+12 4.18995E+14 2.19038E+11 1.27659E+11 1.33703E+11 116407366.1 1528557.344 5985039695 553954.699 5985039695
56 1.66263E+12 3.74621E+14 2.03977E+11 1.22567E+11 1.23249E+11 112334117.6 1524673.398 5545230971 548345.8967 5545230971
57 1.54831E+12 3.34947E+14 1.89952E+11 1.17678E+11 1.13612E+11 108403397.6 1520799.32 5137741449 542793.8837 5137741449
58 1.44185E+12 2.99475E+14 1.76891E+11 1.12984E+11 1.04729E+11 104610218.6 1516935.086 4760196165 537298.085 4760196165
59 1.34271E+12 2.67759E+14 1.64728E+11 1.08477E+11 96540801417 100949768 1513080.671 4410394675 531857.9313 4410394675
60 1.25039E+12 2.39402E+14 1.53402E+11 1.0415E+11 88992555554 97417401.48 1509236.05 4086298235 526472.8592 4086298235
61 1.16442E+12 2.14048E+14 1.42854E+11 99995671180 82034485191 94008637.13 1505401.197 3786017918 521142.3112 3786017918
62 1.08435E+12 1.91379E+14 1.33032E+11 96006931448 75620446211 90719149.98 1501576.089 3507803605 515865.735 3507803605
63 1.00979E+12 1.71111E+14 1.23885E+11 92177299050 69707902376 87544766.35 1497760.699 3250033781 510642.5843 3250033781
64 9.40362E+11 1.5299E+14 1.15367E+11 88500427333 64257643232 84481458.63 1493955.005 3011206089 505472.3181 3011206089
65 8.75705E+11 1.36788E+14 1.07434E+11 84970222809 59233524077 81525340.11 1490158.98 2789928575 500354.4009 2789928575
66 8.15493E+11 1.22301E+14 1.00047E+11 81580835051 54602226258 78672660.11 1486372.601 2584911567 495288.3027 2584911567
67 7.59421E+11 1.09349E+14 93168226302 78326647001 50333036212 75919799.17 1482595.843 2394960169 490273.4989 2394960169
68 7.07204E+11 9.77683E+13 86762140711 75202265663 46397641780 73263264.5 1478828.681 2218967288 485309.4701 2218967288
69 6.58578E+11 8.74142E+13 80796526450 72202513159 42769944450 70699685.5 1475071.091 2055907188 480395.7021 2055907188
70 6.13296E+11 7.81566E+13 75241097476 69322418155 39425886275 68225809.55 1471323.049 1904829507 475531.6862 1904829507
71 5.71126E+11 6.98795E+13 70067650159 66557207617 36343290330 65838497.8 1467584.531 1764853721 470716.9185 1764853721
72 5.31857E+11 6.24789E+13 65249920103 63902298906 33501713641 63534721.26 1463855.511 1635164010 465950.9004 1635164010
73 4.95287E+11 5.58621E+13 60763448807 61353292178 30882311609 61311556.92 1460135.967 1515004507 461233.1384 1515004507
74 4.61232E+11 4.99461E+13 56585459494 58905963096 28467713041 59166184.06 1456425.874 1403674886 456563.1437 1403674886
75 4.29519E+11 4.46565E+13 52694741476 56556255826 26241904948 57095880.64 1452725.208 1300526287 451940.4329 1300526287
76 3.99986E+11 3.99272E+13 49071542479 54300276322 24190126347 55098019.9 1449033.946 1204957529 447364.5271 1204957529
77 3.72483E+11 3.56987E+13 45697468359 52134285864 22298770377 53170066.95 1445352.062 1116411611 442834.9525 1116411611
78 3.46872E+11 3.19181E+13 42555389721 50054694868 20555294056 51309575.64 1441679.534 1034372462 438351.2399 1034372462
79 3.23022E+11 2.85378E+13 39629354959 48058056935 18948135103 49514185.4 1438016.337 958361932.8 433912.9249 958361932.8
80 3.00811E+11 2.55155E+13 36904509270 46141063140 17466635258 47781618.25 1434362.448 887937013.2 429519.548 887937013.2
81 2.80128E+11 2.28133E+13 34367019243 44300536549 16100969598 46109675.92 1430717.844 822687246.3 425170.6541 822687246.3
82 2.60867E+11 2.03973E+13 32004002627 42533426951 14842081383 44496237.08 1427082.5 762232337.5 420865.7929 762232337.5
83 2.4293E+11 1.82371E+13 29803462935 40836805807 13681621994 42939254.61 1423456.393 706219938.4 416604.5184 706219938.4
84 2.26227E+11 1.63057E+13 27754228533 39207861394 12611895567 41436753.02 1419839.5 654323592.5 412386.3895 654323592.5
85 2.10672E+11 1.45788E+13 25845895934 37643894147 11625807953 39986825.96 1416231.798 606240832.9 408210.9692 606240832.9
86 1.96186E+11 1.30349E+13 24068776973 36142312184 10716819675 38587633.78 1412633.262 561691419.5 404077.8251 561691419.5
87 1.82697E+11 1.16544E+13 22413849628 34700627010 9878902561 37237401.19 1409043.869 520415705.5 399986.5291 520415705.5
88 1.70135E+11 1.04202E+13 20872712216 33316449394 9106499760 35934415.03 1405463.597 482173124.1 395936.6576 482173124.1
89 1.58437E+11 9.31662E+12 19437540739 31987485412 8394488899 34677022.09 1401892.423 446740786.6 391927.7912 446740786.6
90 1.47543E+11 8.32995E+12 18101049162 30711532638 7738148107 33463627 1398330.322 413912183 387959.5146 413912183
91 1.37398E+11 7.44777E+12 16856452428 29486476503 7133124701 32292690.21 1394777.272 383495978.9 384031.4168 383495978.9
92 1.27951E+11 6.65901E+12 15697432005 28310286784 6575406325 31162726.07 1391233.251 355314899.7 380143.0912 355314899.7
93 1.19153E+11 5.95379E+12 14618103816 27181014242 6061294334 30072300.86 1387698.234 329204698.1 376294.1349 329204698.1
94 1.1096E+11 5.32326E+12 13612988361 26096787393 5587379273 29020031.09 1384172.2 305013196.4 372484.1494 305013196.4
95 1.03331E+11 4.7595E+12 12676982900 25055809404 5150518258 28004581.63 1380655.125 282599399.3 368712.74 282599399.3
96 96226141530 4.25545E+12 11805335551 24056355114 4747814141 27024664.1 1377146.987 261832673 364979.5163 261832673
97 89609798993 3.80478E+12 10993621161 23096768181 4376596294 26079035.19 1373647.762 242591982.9 361284.0915 242591982.9
98 83448384690 3.40183E+12 10237718844 22175458330 4034402897 25166495.09 1370157.429 224765188.8 357626.0829 224765188.8
99 77831238889 3.02609E+12 9535813250 21263940000 3707823306 24250000 1366666.667 208300000 353600 208300000
100 68268798848 2.59384E+12 8710050292 19330907987 3445101174 23401460.27 1333333.333 192993141.2 350019.793 192993141.2
101 60104618960 2.23925E+12 7994812901 17586400344 3171478555 22582612.07 1300000 178811102.1 346475.8357 178811102.1
102 52983227885 1.93592E+12 7344505777 16014240503 2921969472 21792416.46 1266666.667 165671225.5 342967.7611 165671225.5
103 46763103132 1.67607E+12 6752682418 14595955489 2694242957 21029870.85 1233333.333 153496928.6 339495.2057 153496928.6
104 41323038774 1.45312E+12 6213590143 13315204449 2486212905 20294007.72 1200000 142217256 336057.8101 142217256
105 36559072427 1.26154E+12 5722089730 12157515324 2296010331 19583893.42 1166666.667 131766466.5 332655.2181 131766466.5
106 32381900295 1.09669E+12 5273585016 11110056151 2121959007 18898626.96 1133333.333 122083649.9 329287.0775 122083649.9
107 28714699113 9.5464E+11 4863961137 10161436136 1962554017 18237338.88 1100000 113112372 325953.0394 113112372
108 25491287958 8.3206E+11 4489530276 9301532422 1816442877 17599190.16 1066666.667 104800345.6 322652.7584 104800345.6
109 22654574392 7.26139E+11 4146983958 8521339020 1682408877 16983371.11 1033333.333 97099125.77 319385.8929 97099125.77
110 20155238901 6.3449E+11 3833351040 7812834895 1559356382 16389100.38 1000000 89963827.62 316152.1044 89963827.62
111 17950619354 5.55086E+11 3545960685 7168868651 1446297829 15815623.97 966666.6667 83352864.57 312951.0581 83352864.57
112 16003763643 4.86202E+11 3282409677 6583057582 1342342229 15262214.27 933333.3333 77227706.02 309782.4225 77227706.02
113 14282623949 4.26368E+11 3040533550 6049699207 1246684979 14728169.11 900000 71552652.79 306645.8694 71552652.79
114 12759370459 3.7433E+11 2818381043 5563693643 1158598817 14212810.9 866666.6667 66294629.02 303541.0739 66294629.02
115 11409805992 3.29017E+11 2614191483 5120475417 1077425808 13715485.76 833333.3333 61422989.45 300467.7146 61422989.45
116 10212865982 2.89513E+11 2426374740 4715953488 1002570206 13235562.68 800000 56909340.74 297425.473 56909340.74
117 9150190787 2.55031E+11 2253493428 4346458450 933492110.1 12772432.75 766666.6667 52727376.07 294414.0343 52727376.07
118 8205759366 2.24899E+11 2094247106 4008695985 869701816.7 12325508.36 733333.3333 48852721.73 291433.0864 48852721.73
119 7365575095 1.98538E+11 1947458220 3699705790 810754779.6 11894222.44 700000 45262795.13 288482.3206 45262795.13
120 6617395943 1.75449E+11 1812059592 3416825307 756247115 11478027.79 666666.6667 41936673.13 285561.4314 41936673.13
121 5950502455 1.55205E+11 1687083278 3157657630 705811586.6 11076396.34 650000 38854970.14 282670.1163 38854970.14
122 5355497986 1.37435E+11 1571650621 2920043117 659114014.9 10688818.51 633333.3333 35999725.11 279808.0758 35999725.11
123 4824136485 1.21821E+11 1464963380 2702034222 615850064.4 10314802.54 616666.6667 33354296.84 276975.0135 33354296.84
124 4349173849 1.08086E+11 1366295795 2501873176 575742366 9953873.895 600000 30903267.02 274170.6361 30903267.02
125 3924239477 95991858542 1274987499 2317972171 538537936.3 9605574.618 583333.3333 28632350.35 271394.653 28632350.35
126 3543725123 85331600320 1190437165 2148895750 504005862.7 9269462.796 566666.6667 26528311.26 268646.7768 26528311.26
127 3202688630 75925827040 1112096820 1993345141 471935223.5 8945111.973 550000 24578886.8 265926.7229 24578886.8
128 2896770448 67618725822 1039466737 1850144305 442133218.8 8632110.617 533333.3333 22772715.18 263234.2096 22772715.18
129 2622121144 60274838243 972090863 1718227507 414423488.9 8330061.594 516666.6667 21099269.5 260568.958 21099269.5
130 2375338409 53776272414 909552699.5 1596628228 388644599.9 8038581.668 500000 19548796.44 257930.6922 19548796.44
131 2153412244 48020314312 851471606.6 1484469259 364648678.9 7757301.012 483333.3333 18112259.4 255319.1388 18112259.4
132 1953677205 42917378748 797499473.5 1380953859 342300183.8 7485862.74 466666.6667 16781285.82 252734.0275 16781285.82
133 1773770777 38389249590 747317722.2 1285357840 321474792.2 7223922.453 450000 15548118.41 250175.0905 15548118.41
134 1611597024 34367566657 700634605.3 1197022484 302058397.7 6971147.806 433333.3333 14405569.91 247642.0628 14405569.91
135 1465294838 30792523209 657182770.1 1115348193 283946203.4 6727218.079 416666.6667 13346981.22 245134.682 13346981.22
136 1333210159 27611743465 616717058.5 1039788808 267041900.8 6491823.778 400000 12366182.58 242652.6885 12366182.58
137 1213871658 24779314188 579012520.6 969846494.5 251256926.9 6264666.236 383333.3333 11457457.61 240195.8253 11457457.61
138 1105969420 22254948270 543862617.8 905067159.7 236509791.2 6045457.238 366666.6667 10615510.01 237763.8378 10615510.01
139 1008336249 20003261554 511077598.1 845036332.5 222725465.2 5833918.655 350000 9835432.659 235356.4743 9835432.659
140 919931244.3 17993146890 480483024.2 789375454.3 209834828.5 5629782.088 333333.3333 9112679.041 232973.4854 9112679.041
141 839825372 16197231789 451918440.6 737738542 197774166.2 5432788.53 326666.6667 8443036.741 230614.6242 8443036.741
142 767188768.2 14591408021 425236164.8 689809181.5 186484711.9 5242688.039 320000 7822602.891 228279.6466 7822602.891
143 701279558.5 13154423202 400300190 645297817.4 175912232 5059239.417 313333.3333 7247761.424 225968.3107 7247761.424
144 641434005.1 11867525843 376985190.1 603939307.1 166006648.3 4882209.906 306666.6667 6715161.998 223680.3771 6715161.998
145 587057814.6 10714156554 355175614.1 565490713.2 156721693.4 4711374.893 300000 6221700.47 221415.6089 6221700.47
146 537618463.6 9679679145 334764864.2 529729308.3 148014597.1 4546517.624 293333.3333 5764500.804 219173.7715 5764500.804
147 492638416.9 8751146248 315654546.9 496450771.4 139845801.3 4387428.929 286666.6667 5340898.309 216954.6327 5340898.309
148 451689129.5 7917094816 297753791.7 465467556.3 132178698.3 4233906.96 280000 4948424.108 214757.9628 4948424.108
149 414385737.3 7167367546 280978631 436607413.4 124979393.5 4085756.929 273333.3333 4584790.748 212583.5342 4584790.748
150 380382353.8 6492956784 265251433.7 409712051.7 118216487.7 3942790.863 266666.6667 4247878.869 210431.1217 4247878.869
151 349367899.2 5885867954 250500389.3 384635924.7 111860878.8 3804827.371 263333.3333 3935724.851 208300.5025 3935724.851
152 321062400.2 5338999971 236659037.3 361245129.5 105885579.3 3671691.405 260000 3646509.371 206191.4558 3646509.371
153 295213703.4 4846040430 223665836.8 339416407 100265551.2 3543214.042 256666.6667 3378546.798 204103.7632 3378546.798
154 271594554.4 4401373660 211463773.3 319036234.6 94977552.89 3419232.274 253333.3333 3130275.369 202037.2086 3130275.369
155 250000000 4000000000 200000000 300000000 90000000 3300000 250000 2900000 200000 2900000
156 234000000 3760000000 186000000 288000000 85000000 3040000 246666.6667 2740000 201000 2740000
157 218000000 3520000000 172000000 276000000 80000000 2780000 243333.3333 2580000 202000 2580000
158 202000000 3280000000 158000000 264000000 75000000 2520000 240000 2420000 203000 2420000
159 186000000 3040000000 144000000 252000000 70000000 2260000 236666.6667 2260000 204000 2260000
160 170000000 2800000000 130000000 240000000 65000000 2000000 233333.3333 2100000 205000 2100000
161 162000000 2520000000 122000000 234000000 64000000 1900000 231666.6667 2080000 206000 2080000
162 154000000 2240000000 114000000 228000000 63000000 1800000 230000 2060000 207000 2060000
163 146000000 1960000000 106000000 222000000 62000000 1700000 228333.3333 2040000 208000 2040000
164 138000000 1680000000 98000000 216000000 61000000 1600000 226666.6667 2020000 209000 2020000
165 130000000 1400000000 90000000 210000000 60000000 1500000 225000 2000000 210000 2000000
166 123000000 1310000000 85400000 200000000 57000000 1390000 223333.3333 1860000 211000 1860000
167 116000000 1220000000 80800000 190000000 54000000 1280000 221666.6667 1720000 212000 1720000
168 109000000 1130000000 76200000 180000000 51000000 1170000 220000 1580000 213000 1580000
169 102000000 1040000000 71600000 170000000 48000000 1060000 218333.3333 1440000 214000 1440000
170 95000000 950000000 67000000 160000000 45000000 950000 216666.6667 1300000 215000 1300000
171 92800000 920000000 62600000 154000000 43400000 930000 215000 1280000 216000 1280000
172 90600000 890000000 58200000 148000000 41800000 910000 213333.3333 1260000 217000 1260000
173 88400000 860000000 53800000 142000000 40200000 890000 211666.6667 1240000 218000 1240000
174 86200000 830000000 49400000 136000000 38600000 870000 210000 1220000 219000 1220000
175 84000000 800000000 45000000 130000000 37000000 850000 208333.3333 1200000 220000 1200000
176 78400000 750000000 42400000 126000000 35600000 790000 206666.6667 1180000 222000 1180000
177 72800000 700000000 39800000 122000000 34200000 730000 205000 1160000 224000 1160000
178 67200000 650000000 37200000 118000000 32800000 670000 203333.3333 1140000 226000 1140000
179 61600000 600000000 34600000 114000000 31400000 610000 201666.6667 1120000 228000 1120000
180 56000000 550000000 32000000 110000000 30000000 550000 200000 1100000 230000 1100000
181 53800000 510000000 27600000 109000000 28600000 520000 198333.3333 1070000 232000 1070000
182 51600000 470000000 23200000 108000000 27200000 490000 196666.6667 1040000 234000 1040000
183 49400000 430000000 18800000 107000000 25800000 460000 195000 1010000 236000 1010000
184 47200000 390000000 14400000 106000000 24400000 430000 193333.3333 980000 238000 980000
185 45000000 350000000 10000000 105000000 23000000 400000 191666.6667 950000 240000 950000
186 43800000 330000000 9500000 103000000 22600000 382000 190000 910000 238000 910000
187 42600000 310000000 9000000 101000000 22200000 364000 188333.3333 870000 236000 870000
188 41400000 290000000 8500000 99000000 21800000 346000 186666.6667 830000 234000 830000
189 40200000 270000000 8000000 97000000 21400000 328000 185000 790000 232000 790000
190 39000000 250000000 7500000 95000000 21000000 310000 183333.3333 750000 230000 750000
191 36600000 230000000 6940000 94000000 20400000 294000 181666.6667 720000 228000 720000
192 34200000 210000000 6380000 93000000 19800000 278000 180000 690000 226000 690000
193 31800000 190000000 5820000 92000000 19200000 262000 178333.3333 660000 224000 660000
194 29400000 170000000 5260000 91000000 18600000 246000 176666.6667 630000 222000 630000
195 27000000 150000000 4700000 90000000 18000000 230000 175000 600000 220000 600000
196 25800000 144000000 4400000 87000000 17200000 222000 173333.3333 580000 218000 580000
197 24600000 138000000 4100000 84000000 16400000 214000 171666.6667 560000 216000 560000
198 23400000 132000000 3800000 81000000 15600000 206000 170000 540000 214000 540000
199 22200000 126000000 3500000 78000000 14800000 198000 168333.3333 520000 212000 520000
200 21000000 120000000 3200000 75000000 14000000 190000 166666.6667 500000 210000 500000
201 20069278.1 111749008 3058175.711 73082137.05 13293152.46 185741.8766 166397.0502 476295.203 208644.4268 476295.203
202 19179805.88 104065340 2922637.086 71213316.75 12621993.02 181579.1828 166127.8699 453714.2407 207297.6039 453714.2407
203 18329755.15 96909988 2793105.546 69392285 11984719.83 177509.7799 165859.125 432203.8327 205959.4749 432203.8327
204 17517378.74 90246625 2669314.856 67617819.77 11379621.99 173531.577 165590.8149 411713.2245 204629.9837 411713.2245
205 16741006.93 84041424 2551010.58 65888730.28 10805075 169642.5304 165322.9388 392194.0676 203309.0746 392194.0676
206 15999043.99 78262882 2437949.56 64203856.23 10259536.38 165840.6418 165055.4961 373600.3061 201996.692 373600.3061
207 15289964.91 72881662 2329899.415 62562066.93 9741541.523 162123.9581 164788.486 355888.0672 200692.781 355888.0672
208 14612312.28 67870445 2226638.062 60962260.67 9249699.761 158490.5696 164521.9079 339015.5584 199397.2869 339015.5584
209 13964693.28 63203791 2127953.262 59403363.85 8782690.652 154938.6096 164255.761 322942.9684 198110.1554 322942.9684
210 13345776.81 58858008 2033642.181 57884330.38 8339260.418 151466.2532 163990.0446 307632.3734 196831.3324 307632.3734
211 12754290.78 54811033 1943510.975 56404140.88 7918218.581 148071.7164 163724.7581 293047.6474 195560.7644 293047.6474
212 12189019.46 51042322 1857374.393 54961802.06 7518434.772 144753.2551 163459.9007 279154.3774 194298.398 279154.3774
213 11648801.01 47532740 1775055.392 53556346.01 7138835.692 141509.1645 163195.4719 265919.7817 193044.1803 265919.7817
214 11132525.1 44264472 1696384.777 52186829.59 6778402.231 138337.7778 162931.4707 253312.6328 191798.0588 253312.6328
215 10639130.58 41220923 1621200.85 50852333.76 6436166.735 135237.4655 162667.8967 241303.1837 190559.9811 241303.1837
216 10167603.35 38386644 1549349.081 49551963.01 6111210.405 132206.6349 162404.749 229863.0977 189329.8953 229863.0977
217 9716974.247 35747245 1480681.79 48284844.69 5802660.831 129243.7288 162142.027 218965.3815 188107.7499 218965.3815
218 9286317.069 33289327 1415057.839 47050128.49 5509689.649 126347.2249 161879.7301 208584.3217 186893.4936 208584.3217
219 8874746.656 31000410 1352342.348 45846985.85 5231510.323 123515.6351 161617.8574 198695.4237 185687.0754 198695.4237
220 8481417.082 28868876 1292406.412 44674609.38 4967376.022 120747.5045 161356.4084 189275.3543 184488.4448 189275.3543
221 8105519.909 26883902 1235126.843 43532212.34 4716577.628 118041.411 161095.3823 180301.8866 183297.5515 180301.8866
222 7746282.534 25035412 1180385.91 42419028.11 4478441.821 115395.9642 160834.7785 171753.8473 182114.3455 171753.8473
223 7402966.591 23314020 1128071.1 41334309.68 4252329.28 112809.8049 160574.5963 163611.0671 180938.7773 163611.0671
224 7074866.442 21710989 1078074.886 40277329.14 4037632.959 110281.6046 160314.8349 155854.3328 179770.7974 155854.3328
225 6761307.721 20218179 1030294.51 39247377.17 3833776.464 107810.0642 160055.4938 148465.3422 178610.357 148465.3422
226 6461645.951 18828012 984631.764 38243762.63 3640212.502 105393.9139 159796.5722 141426.6606 177457.4074 141426.6606
227 6175265.218 17533430 940992.7952 37265812.03 3456421.413 103031.9124 159538.0695 134721.68 176311.9002 134721.68
228 5901576.905 16327862 899287.9094 36312869.1 3281909.772 100722.8461 159279.9849 128334.5798 175173.7874 128334.5798
229 5640018.483 15205187 859431.3879 35384294.35 3116209.068 98465.52871 159022.3179 122250.2895 174043.0212 122250.2895
230 5390052.353 14159704 821341.311 34479464.65 2958874.446 96258.80045 158765.0677 116454.4529 172919.5543 116454.4529
231 5151164.746 13186108 784939.3898 33597772.82 2809483.509 94101.52757 158508.2336 110933.3946 171803.3394 110933.3946
232 4922864.658 12279454 750150.805 32738627.17 2667635.187 91992.60171 158251.815 105674.0874 170694.3299 105674.0874
233 4704682.851 11435140 716904.0535 31901451.17 2532948.66 89930.93936 157995.8112 100664.1218 169592.4791 100664.1218
234 4496170.881 10648879 685130.801 31085683.02 2405062.337 87915.48128 157740.2216 95891.67662 168497.7409 95891.67662
235 4296900.181 9916681 654765.7419 30290775.29 2283632.88 85945.19199 157485.0454 91345.49115 167410.0693 91345.49115
236 4106461.176 9234827 625746.465 29516194.55 2168334.288 84019.0592 157230.282 87014.8385 166329.4188 87014.8385
237 3924462.446 8599857 598013.325 28761421.01 2058857.02 82136.0933 156975.9308 82889.50033 165255.744 82889.50033
238 3750529.915 8008545 571509.3204 28025948.16 1954907.161 80295.32689 156721.991 78959.74276 164188.9999 78959.74276
239 3584306.09 7457892 546179.9756 27309282.46 1856205.638 78495.81422 156468.462 75216.29341 163129.1417 75216.29341
240 3425449.32 6945100 521973.2297 26610942.98 1762487.468 76736.63074 156215.3432 71650.31947 162076.1251 71650.31947
241 3273633.096 6467567 498839.3289 25930461.09 1673501.044 75016.87263 155962.6338 68253.40691 161029.9057 68253.40691
242 3128545.381 6022868 476730.7247 25267380.15 1589007.466 73335.65632 155710.3332 65017.54059 159990.4399 65017.54059
243 2989887.967 5608746 455601.9759 24621255.19 1508779.893 71692.11805 155458.4408 61935.08538 158957.6839 61935.08538
244 2857375.862 5223099 435409.6551 23991652.61 1432602.939 70085.4134 155206.9558 58998.76813 157931.5945 58998.76813
245 2730736.705 4863967 416112.2598 23378149.93 1360272.092 68514.71689 154955.8777 56201.66048 156912.1286 56201.66048
246 2609710.207 4529529 397670.1268 22780335.43 1291593.164 66979.22154 154705.2058 53537.16257 155899.2434 53537.16257
247 2494047.615 4218087 380045.3508 22197807.94 1226381.775 65478.13844 154454.9393 50998.98742 154892.8965 50998.98742
248 2383511.199 3928059 363201.7065 21630176.56 1164462.851 64010.69638 154205.0778 48581.14613 153893.0458 48581.14613
249 2277873.767 3657972 347104.574 21077060.38 1105670.158 62576.14142 153955.6204 46277.93371 152899.6491 46277.93371
250 2176918.195 3406456 331720.8679 20538088.2 1049845.855 61173.73653 153706.5666 44083.91566 151912.665 44083.91566
251 2080436.984 3172234 317018.969 20012898.36 996840.0726 59802.76117 153457.9156 41993.91511 150932.0519 41993.91511
252 1988231.829 2954117 302968.6596 19501138.41 946510.5045 58462.51099 153209.6669 40003.00064 149957.7688 40003.00064
253 1900113.214 2750997 289541.0612 19002464.93 898722.0315 57152.29739 152961.8198 38106.47462 148989.7748 38106.47462
254 1815900.025 2561843 276708.5752 18516543.28 853346.356 55871.44721 152714.3737 36299.86213 148028.0294 36299.86213
255 1735419.171 2385695 264444.8261 18043047.39 810261.658 54619.3024 152467.3278 34578.9004 147072.492 34578.9004
256 1658505.237 2221659 252724.6075 17581659.49 769352.268 53395.21962 152220.6816 32939.52877 146123.1228 32939.52877
257 1585000.134 2068902 241523.83 17132069.98 730508.3567 52198.56997 151974.4344 31377.87908 145179.8819 31377.87908
258 1514752.785 1926647 230819.472 16693977.15 693625.6399 51028.73865 151728.5855 29890.26657 144242.7297 29890.26657
259 1447618.805 1794175 220589.5321 16267087.02 658605.0987 49885.12463 151483.1343 28473.18116 143311.6269 28473.18116
260 1383460.208 1670810 210812.9841 15851113.1 625352.7134 48767.14034 151238.0802 27123.2792 142386.5345 27123.2792
261 1322145.127 1555928 201469.7336 15445776.27 593779.2114 47674.21139 150993.4226 25837.37555 141467.4137 25837.37555
262 1263547.535 1448945 192540.5768 15050804.51 563799.8275 46605.77627 150749.1607 24612.43606 140554.2259 24612.43606
263 1207546.994 1349318 184007.161 14665932.77 535334.076 45561.28603 150505.2939 23445.57046 139646.9328 23445.57046
264 1154028.402 1256542 175851.947 14290902.79 508305.5349 44540.20405 150261.8217 22334.02548 138745.4964 22334.02548
265 1102881.759 1170144 168058.1728 13925462.88 482641.6409 43542.00571 150018.7433 21275.1784 137849.8789 21275.1784
266 1054001.939 1089687 160609.8193 13569367.82 458273.494 42566.17818 149776.0582 20266.53082 136960.0427 20266.53082
267 1007288.478 1014762 153491.5776 13222378.65 435135.6731 41612.22008 149533.7656 19305.70282 136075.9504 19305.70282
268 962645.3617 944989 146688.817 12884262.52 413166.0602 40679.64131 149291.865 18390.42729 135197.5651 18390.42729
269 919980.8322 880013 140187.5554 12554792.52 392305.6736 39767.96272 149050.3557 17518.5446 134324.8499 17518.5446
270 879207.1984 819505 133974.4302 12233747.57 372498.5093 38876.71593 148809.2372 16687.99751 133457.7681 16687.99751
271 840240.6559 763157 128036.6714 11920912.22 353691.3911 38005.44302 148568.5086 15896.82632 132596.2835 15896.82632
272 803001.114 710684 122362.0745 11616076.54 335833.8275 37153.69636 148328.1695 15143.16424 131740.3598 15143.16424
273 767412.032 661818 116938.9763 11319035.97 318877.8764 36321.03834 148088.2192 14425.23297 130889.9612 14425.23297
274 733400.2613 616313 111756.2303 11029591.18 302778.0163 35507.04117 147848.6571 13741.33853 130045.052 13741.33853
275 700895.8954 573936 106803.1841 10747547.92 287491.0237 34711.28664 147609.4825 13089.86725 129205.5968 13089.86725
276 669832.1259 534473 102069.6573 10472716.93 272975.8578 33933.3659 147370.6948 12469.28195 128371.5604 12469.28195
277 640145.1055 497724 97545.92083 10204913.79 259193.5497 33172.87927 147132.2934 11878.11836 127542.9078 11878.11836
278 611773.8165 463501 93222.6768 9943958.777 246107.098 32429.43605 146894.2776 11314.98159 126719.6042 11314.98159
279 584659.9456 431632 89091.03933 9689676.776 233681.3697 31702.65426 146656.6469 10778.5429 125901.6151 10778.5429
280 558747.7639 401953 85142.5164 9441897.149 221883.0053 30992.16051 146419.4006 10267.53656 125088.9063 10267.53656
281 533984.0125 374316 81368.99237 9200453.619 210680.3298 30297.58976 146182.5381 9780.75682 124281.4435 9780.75682
282 510317.7927 348579 77762.71127 8965184.165 200043.2675 29618.58515 145946.0588 9317.055109 123479.1931 9317.055109
283 487700.462 324611 74316.26087 8735930.905 189943.2609 28954.79784 145709.962 8875.337308 122682.1212 8875.337308
284 466085.5334 302291 71022.55747 8512539.995 180353.1947 28305.88678 145474.2472 8454.561169 121890.1946 8454.561169
285 445428.5804 281506 67874.8313 8294861.528 171247.3224 27671.51858 145238.9137 8053.733856 121103.3799 8053.733856
286 425687.1454 262150 64866.61263 8082749.427 162601.1975 27051.36732 145003.9609 7671.909603 120321.6441 7671.909603
287 406820.6526 244125 61991.71849 7876061.352 154391.6078 26445.11437 144769.3881 7308.187483 119544.9546 7308.187483
288 388790.3245 227340 59244.23992 7674658.602 146596.5129 25852.44827 144535.1948 6961.709281 118773.2787 6961.709281
289 371559.1021 211708 56618.52985 7478406.024 139194.9855 25273.06451 144301.3804 6631.65747 118006.5841 6631.65747
290 355091.5691 197151 54109.19148 7287171.92 132167.1545 24706.66542 144067.9442 6317.253281 117244.8385 6317.253281
291 339353.8786 183596 51711.06722 7100827.959 125494.1525 24152.96001 143834.8857 6017.754867 116488.0101 6017.754867
292 324313.684 170972 49419.22804 6919249.095 119158.0644 23611.66378 143602.2042 5732.455552 115736.0671 5732.455552
293 309940.0722 159216 47228.96339 6742313.475 113141.8798 23082.49863 143369.899 5460.682161 114988.978 5460.682161
294 296203.5002 148269 45135.77146 6569902.366 107429.447 22565.1927 143137.9697 5201.793436 114246.7114 5201.793436
295 283075.7343 138074 43135.34998 6401900.069 102005.4298 22059.48021 142906.4156 4955.178521 113509.2363 4955.178521
296 270529.7921 128580 41223.58737 6238193.843 96855.26647 21565.10132 142675.2361 4720.255519 112776.5216 4720.255519
297 258539.8872 119739 39396.55425 6078673.832 91965.13027 21081.80205 142444.4305 4496.470121 112048.5367 4496.470121
298 247081.3761 111506 37650.4954 5923232.988 87321.89269 20609.33408 142213.9983 4283.294297 111325.251 4283.294297
299 236130.7071 103839 35981.82204 5771767 82913.08804 20147.45467 141983.9389 4080.225053 110606.6341 4080.225053
300 225665.3728 96700 34387.10443 5624174.226 78726.88002 19695.92653 141754.2516 3886.78324 109892.6561 3886.78324
301 215663.8631 90051 32863.06485 5480355.621 74752.02991 19254.51766 141524.9359 3702.512424 109183.2868 3702.512424
302 206105.6212 83859 31406.57084 5340214.675 70977.86645 18823.00128 141295.9912 3526.977813 108478.4966 3526.977813
303 196971.0014 78093 30014.62878 5203657.343 67394.25714 18401.1557 141067.4168 3359.765227 107778.2559 3359.765227
304 188241.2288 72723 28684.37772 5070591.988 63991.58108 17988.76416 140839.2122 3200.480121 107082.5354 3200.480121
305 179898.3605 67723 27413.0835 4940929.315 60760.7031 17585.61481 140611.3768 3048.746658 106391.3058 3048.746658
306 171925.2489 63067 26198.13316 4814582.312 57692.94928 17191.50051 140383.91 2904.206816 105704.5381 2904.206816
307 164305.5063 58730 25037.02953 4691466.191 54780.08362 16806.21877 140156.8111 2766.51955 105022.2036 2766.51955
308 157023.4714 54692 23927.38612 4571498.336 52014.28595 16429.57165 139930.0796 2635.359981 104344.2737 2635.359981
309 150064.1769 50931 22866.9222 4454598.239 49388.13094 16061.36564 139703.7148 2510.418634 103670.7199 2510.418634
310 143413.319 47430 21853.45814 4340687.453 46894.56817 15701.41155 139477.7163 2391.400706 103001.5139 2391.400706
311 137057.2278 44168 20884.9109 4229689.538 44526.90316 15349.52446 139252.0833 2278.025369 102336.6277 2278.025369
312 130982.839 41131 19959.28976 4121530.007 42278.77944 15005.52357 139026.8154 2170.025111 101676.0335 2170.025111
313 125177.6678 38303 19074.69223 4016136.278 40144.1615 14669.23214 138801.9119 2067.145101 101019.7034 2067.145101
314 119629.7822 35670 18229.30014 3913437.625 38117.31851 14340.47741 138577.3722 1969.142591 100367.6101 1969.142591
315 114327.7794 33217 17421.37591 3813365.131 36192.80902 14019.09045 138353.1957 1875.78634 99719.72604 1875.78634
316 109260.7619 30933 16649.25896 3715851.642 34365.46631 13704.90615 138129.3819 1786.856071 99076.02417 1786.856071
317 104418.315 28806 15911.36229 3620831.72 32630.3845 13397.76309 137905.9302 1702.14195 98436.47748 1702.14195
318 99790.48588 26826 15206.16928 3528241.6 30982.90543 13097.50347 137682.8399 1621.444091 97801.05912 1621.444091
319 95367.76252 24981 14532.23048 3438019.149 29418.60611 12803.97302 137460.1106 1544.572085 97169.74247 1544.572085
320 91141.05466 23263 13888.16071 3350103.822 27933.28687 12517.02093 137237.7415 1471.344549 96542.50103 1471.344549
321 87101.67487 21664 13272.63617 3264436.622 26522.96007 12236.49978 137015.7322 1401.588702 95919.3085 1401.588702
322 83241.32076 20174 12684.39173 3180960.061 25183.83942 11962.26543 136794.082 1335.13995 95300.13876 1335.13995
323 79552.05789 18787 12122.21835 3099618.122 23912.32978 11694.177 136572.7903 1271.841507 94684.96582 1271.841507
324 76026.30349 17495 11584.96053 3020356.219 22705.01754 11432.09675 136351.8567 1211.544018 94073.76389 1211.544018
325 72656.81084 16292 11071.51403 2943121.162 21558.66141 11175.89002 136131.2804 1154.105207 93466.50733 1154.105207
326 69436.65441 15172 10580.82353 2867861.121 20470.18378 10925.42518 135911.061 1099.389548 92863.17069 1099.389548
327 66359.21561 14129 10111.88047 2794525.594 19436.66242 10680.57356 135691.1979 1047.267936 92263.72865 1047.267936
328 63418.16917 13157 9663.721016 2723065.366 18455.32263 10441.20935 135471.6904 997.6173881 91668.15607 997.6173881
329 60607.47017 12253 9235.424026 2653432.484 17523.52982 10207.20957 135252.538 950.3207527 91076.42799 950.3207527
330 57921.34161 11410 8826.109198 2585580.219 16638.78239 9978.454008 135033.7401 905.2664315 90488.51957 905.2664315
331 55354.26251 10626 8434.93524 2519463.039 15798.70508 9754.825123 134815.2962 862.3481175 89904.40616 862.3481175
332 52900.95659 9895 8061.098147 2455036.575 15001.04252 9536.208024 134597.2056 821.4645433 89324.06327 821.4645433
333 50556.38141 9215 7703.829548 2392257.592 14243.65323 9322.490391 134379.4679 782.5192427 88747.46656 782.5192427
334 48315.71801 8581 7362.395125 2331083.963 13524.50386 9113.562421 134162.0824 745.4203231 88174.59185 745.4203231
335 46174.36102 7991 7036.093107 2271474.636 12841.6637 8909.316773 133945.0485 710.0802481 87605.4151 710.0802481
336 44127.90916 7442 6724.252824 2213389.608 12193.29952 8709.64851 133728.3658 676.4156318 87039.91246 676.4156318
337 42172.15623 6930 6426.233331 2156789.903 11577.67068 8514.455048 133512.0335 644.3470413 86478.06019 644.3470413
338 40303.08245 6454 6141.422088 2101637.537 10993.12439 8323.6361 133296.0513 613.7988096 85919.83475 613.7988096
339 38516.84619 6010 5869.233706 2047895.5 10438.09133 8137.09363 133080.4184 584.6988572 85365.21271 584.6988572
340 36809.77609 5597 5609.108737 1995527.728 9911.081386 7954.731795 132865.1344 556.9785217 84814.17082 556.9785217
341 35178.36348 5212 5360.51253 1944499.079 9410.679708 7776.456904 132650.1986 530.5723961 84266.68596 530.5723961
342 33619.25523 4853 5122.93413 1894775.309 8935.542865 7602.177363 132435.6105 505.4181741 83722.73518 505.4181741
343 32129.24679 4520 4895.885226 1846323.051 8484.395258 7431.803631 132221.3696 481.4565037 83182.29566 481.4565037
344 30705.27567 4209 4678.89915 1799109.79 8056.025693 7265.248174 132007.4752 458.6308463 82645.34474 458.6308463
345 29344.41507 3920 4471.529916 1753103.843 7649.284125 7102.425421 131793.9269 436.887344 82111.8599 436.887344
346 28043.86794 3650 4273.351306 1708274.338 7263.078577 6943.251718 131580.724 416.1746924 81581.81876 416.1746924
347 26800.96118 3399 4083.955989 1664591.191 6896.372204 6787.645284 131367.866 396.4440191 81055.19909 396.4440191
348 25613.14016 3165 3902.95469 1622025.087 6548.180509 6635.526174 131155.3524 377.6487691 80531.97882 377.6487691
349 24477.96347 2948 3729.975385 1580547.463 6217.568703 6486.816231 130943.1825 359.7445943 80012.13598 359.7445943
350 23393.09791 2745 3564.662539 1540130.484 5903.649193 6341.439053 130731.3559 342.6892491 79495.64879 342.6892491
351 22356.3137 2556 3406.676373 1500747.028 5605.579199 6199.319949 130519.8719 326.4424909 78982.49559 326.4424909
352 21365.47985 2381 3255.692168 1462370.667 5322.558495 6060.385901 130308.7301 310.9659849 78472.65484 310.9659849
353 20418.55985 2217 3111.399596 1424975.646 5053.827253 5924.565528 130097.9298 296.2232138 77966.10517 296.2232138
354 19513.60743 2064 2973.502085 1388536.873 4798.664013 5791.789049 129887.4705 282.1793915 77462.82534 282.1793915
355 18648.76258 1922 2841.716203 1353029.894 4556.383738 5661.988248 129677.3517 268.8013811 76962.79423 268.8013811
356 17822.24774 1790 2715.771084 1318430.882 4326.335978 5535.096435 129467.5728 256.0576167 76465.99088 256.0576167
357 17032.36411 1667 2595.407864 1284716.619 4107.903125 5411.048416 129258.1333 243.918029 75972.39445 243.918029
358 16277.48819 1553 2480.379153 1251864.48 3900.498752 5289.78046 129049.0325 232.3539743 75481.98424 232.3539743
359 15556.06844 1446 2370.448524 1219852.42 3703.566042 5171.230261 128840.27 221.3381667 74994.73968 221.3381667
360 14866.62208 1346 2265.390031 1188658.957 3516.576288 5055.336912 128631.8453 210.844614 74510.64034 210.844614
361 14207.73204 1254 2164.98774 1158263.157 3339.027481 4942.040868 128423.7577 200.8485565 74029.66591 200.8485565
362 13578.04407 1168 2069.035288 1128644.624 3170.442955 4831.283922 128216.0067 191.3264079 73551.79623 191.3264079
363 12976.26393 1087 1977.335456 1099783.481 3010.370112 4723.00917 128008.5918 182.2557006 73077.01125 182.2557006
364 12401.15474 1013 1889.69977 1071660.361 2858.379204 4617.160982 127801.5125 173.6150318 72605.29105 173.6150318
365 11851.53444 943 1805.948105 1044256.392 2714.062182 4513.684976 127594.7681 165.3840136 72136.61587 165.3840136
366 11326.27336 878 1725.908322 1017553.184 2577.031598 4412.527989 127388.3582 157.5432247 71670.96603 157.5432247
367 10824.2919 818 1649.415909 991532.8163 2446.919566 4313.63805 127182.2822 150.0741643 71208.32202 150.0741643
368 10344.55831 761 1576.313647 966177.829 2323.376775 4216.96435 126976.5396 142.9592091 70748.66442 142.9592091
369 9886.086546 709 1506.451283 941471.2068 2206.07155 4122.457221 126771.1298 136.1815711 70291.97396 136.1815711
370 9447.934296 660 1439.685226 917396.3703 2094.68896 4030.068108 126566.0523 129.725258 69838.2315 129.725258
371 9029.200993 615 1375.878247 893937.1635 1988.929979 3939.749544 126361.3065 123.5750362 69387.41799 123.5750362
372 8629.025989 573 1314.899198 871077.844 1888.510675 3851.455125 126156.892 117.7163939 68939.51453 117.7163939
373 8246.586776 533 1256.622747 848803.0717 1793.161451 3765.139488 125952.8081 112.1355075 68494.50233 112.1355075
374 7881.097304 497 1200.929113 827097.8989 1702.626326 3680.758286 125749.0544 106.8192086 68052.36274 106.8192086
375 7531.806359 462 1147.703826 805947.7601 1616.662238 3598.268165 125545.6303 101.7549533 67613.07721 101.7549533
376 7197.99602 431 1096.837489 785338.4621 1535.0384 3517.626745 125342.5353 96.93079223 67176.62732 96.93079223
377 6878.980185 401 1048.225552 765256.1749 1457.535678 3438.792595 125139.7688 92.33534271 66742.99476 92.33534271
378 6574.103161 374 1001.768101 745687.4221 1383.945998 3361.72521 124937.3304 87.95776159 66312.16134 87.95776159
379 6282.738314 348 957.3696478 726619.0717 1314.071797 3286.384996 124735.2194 83.78771982 65884.10901 83.78771982
380 6004.286783 324 914.9389384 708038.3278 1247.725481 3212.733244 124533.4354 79.81537804 65458.81979 79.81537804
381 5738.17625 302 874.3887619 689932.7215 1184.728932 3140.732115 124331.9778 76.03136336 65036.27587 76.03136336
382 5483.859759 281 835.6357729 672290.1028 1124.913023 3070.344616 124130.8461 72.42674729 64616.45951 72.42674729
383 5240.814599 262 798.6003198 655098.6324 1068.117165 3001.534584 123930.0397 68.9930246 64199.35312 68.9930246
384 5008.541222 244 763.2062814 638346.7738 1014.18888 2934.266665 123729.5583 65.72209331 63784.93919 65.72209331
385 4786.562222 227 729.38091 622023.2855 962.9833863 2868.5063 123529.4011 62.60623554 63373.20035 62.60623554
386 4574.421351 211 697.0546821 606117.2133 914.3632122 2804.219701 123329.5677 59.63809933 62964.11933 59.63809933
387 4371.682583 197 666.1611555 590617.8834 868.1978273 2741.373841 123130.0576 56.81068125 62557.67898 56.81068125
388 4177.929215 183 636.6368328 575514.8947 824.3632917 2679.93643 122930.8703 54.11730991 62153.86224 54.11730991
389 3992.763015 171 608.4210308 560798.1121 782.7419228 2619.875904 122732.0051 51.55163021 61752.65218 51.55163021
390 3815.803397 159 581.4557557 546457.6599 743.2219798 2561.161405 122533.4617 49.10758835 61354.03198 49.10758835
391 3646.686645 148 555.685584 532483.9145 705.6973635 2503.762767 122335.2395 46.77941752 60957.98492 46.77941752
392 3485.065163 138 531.0575486 518867.4989 670.0673316 2447.6505 122137.3379 44.56162432 60564.49438 44.56162432
393 3330.606759 128 507.52103 505599.2756 636.2362284 2392.795775 121939.7565 42.4489758 60173.54387 42.4489758
394 3182.993967 119 485.0276521 492670.3407 604.1132275 2339.170408 121742.4947 40.43648709 59785.11699 40.43648709
395 3041.923386 111 463.5311826 480072.0182 573.6120883 2286.74685 121545.552 38.51940965 59399.19744 38.51940965
396 2907.105066 104 442.9874387 467795.8537 544.6509245 2235.498164 121348.9279 36.69322008 59015.76905 36.69322008
397 2778.261907 96 423.3541953 455833.6092 517.151984 2185.398022 121152.6219 34.95360941 58634.81573 34.95360941
398 2655.129088 90 404.5910991 444177.2574 491.0414406 2136.420683 120956.6334 33.29647297 58256.32151 33.29647297
399 2537.453526 84 386.659585 432818.976 466.2491953 2088.540984 120760.962 31.71790071 57880.27051 31.71790071
400 2424.993357 78 369.5227972 421751.143 442.7086884 2041.734325 120565.6071 30.21416791 57506.64696 30.21416791
401 2317.517432 73 353.1455134 410966.3311 420.3567207 1995.976659 120370.5683 28.78172647 57135.43519 28.78172647
402 2214.804849 68 337.4940723 400457.3031 399.133284 1951.244475 120175.8449 27.4171965 56766.61964 27.4171965
403 2116.644498 63 322.5363045 390217.0068 378.9813997 1907.514793 119981.4366 26.11735835 56400.18483 26.11735835
404 2022.834622 59 308.2414663 380238.5703 359.8469661 1864.765144 119787.3428 24.87914499 56036.1154 24.87914499
405 1933.182409 55 294.5801766 370515.2974 341.6786131 1822.973565 119593.5629 23.69963482 55674.39607 23.69963482
406 1847.50359 51 281.5243565 361040.6633 324.427564 1782.118584 119400.0966 22.57604476 55315.01169 22.57604476
407 1765.622064 47 269.0471716 351808.3098 308.047505 1742.179211 119206.9432 21.50572364 54957.94717 21.50572364
408 1687.369534 44 257.1229766 342812.0415 292.4944607 1703.134927 119014.1022 20.48614601 54603.18754 20.48614601
409 1612.585164 41 245.727263 334045.8213 277.7266757 1664.965671 118821.5733 19.51490614 54250.71792 19.51490614
410 1541.115243 38 234.8366085 325503.7666 263.704503 1627.651833 118629.3557 18.58971237 53900.52353 18.58971237
411 1472.812876 36 224.4286288 317180.1451 250.3902973 1591.174242 118437.4492 17.70838165 53552.58969 17.70838165
412 1407.537676 33 214.4819316 309069.3711 237.748314 1555.514157 118245.853 16.86883446 53206.9018 16.86883446
413 1345.155479 31 204.976073 301166.0019 225.7446133 1520.653256 118054.5669 16.06908987 52863.44536 16.06908987
414 1285.538067 29 195.8915149 293464.7337 214.3469687 1486.573628 117863.5901 15.30726084 52522.20598 15.30726084
415 1228.562903 27 187.2095853 285960.3985 203.524781 1453.257766 117672.9223 14.58154982 52183.16933 14.58154982
416 1174.112884 25 178.9124395 278647.9604 193.2489959 1420.688551 117482.563 13.89024446 51846.32119 13.89024446
417 1122.076095 23 170.983024 271522.5125 183.4920261 1388.84925 117292.5116 13.23171361 51511.64746 13.23171361
418 1072.345581 22 163.4050409 264579.2729 174.227677 1357.723506 117102.7676 12.60440344 51179.13407 12.60440344
419 1024.819128 20 156.1629147 257813.5825 165.4310767 1327.295326 116913.3306 12.00683379 50848.7671 12.00683379
420 979.3990513 19 149.2417602 251220.9009 157.0786088 1297.549077 116724.2 11.43759467 50520.53268 11.43759467
421 935.9919968 17 142.6273519 244796.8041 149.1478497 1268.469477 116535.3754 10.89534295 50194.41706 10.89534295
422 894.5087468 16 136.3060947 238536.9812 141.6175075 1240.041585 116346.8563 10.37879916 49870.40654 10.37879916
423 854.8640382 15 130.2649963 232437.2314 134.4673656 1212.250795 116158.6421 9.886744507 49548.48755 9.886744507
424 816.9763867 14 124.4916399 226493.4613 127.678228 1185.082829 115970.7324 9.418017963 49228.64658 9.418017963
425 780.7679193 13 118.9741591 220701.6824 121.2318679 1158.52373 115783.1267 8.971513555 48910.87022 8.971513555
426 746.1642145 12 113.7012136 215058.008 115.1109787 1132.559851 115595.8245 8.546177739 48595.14514 8.546177739
427 713.094149 11 108.6619656 209558.6509 109.2991279 1107.177853 115408.8252 8.141006921 48281.4581 8.141006921
428 681.4897518 11 103.8460574 204199.9206 103.7807122 1082.364696 115222.1285 7.755045088 47969.79595 7.755045088
429 651.2860644 10 99.24359076 198978.2211 98.54091639 1058.107631 115035.7338 7.387381548 47660.14561 7.387381548
430 622.4210071 9 94.84510584 193890.0483 93.56567322 1034.394195 114849.6406 7.037148787 47352.4941 7.037148787
431 594.8352517 9 90.64156217 188931.9878 88.84162565 1011.212205 114663.8485 6.70352042 47046.82851 6.70352042
432 568.4720996 8 86.62431993 184100.7124 84.35609104 988.5497505 114478.3569 6.385709238 46743.13603 6.385709238
433 543.2773647 7 82.78512224 179392.9799 80.09702708 966.3951884 114293.1654 6.082965355 46441.40391 6.082965355
434 519.1992627 7 79.11607813 174805.6312 76.05299947 944.7371362 114108.2735 5.794574437 46141.61951 5.794574437
435 496.1883044 6 75.60964639 170335.588 72.21315121 923.5644663 113923.6807 5.519856015 45843.77025 5.519856015
436 474.1971939 6 72.25862002 165979.8505 68.56717348 902.8663008 113739.3865 5.258161882 45547.84365 5.258161882
437 453.1807314 6 69.05611145 161735.4958 65.10527791 882.6320056 113555.3904 5.008874561 45253.82728 5.008874561
438 433.0957204 5 65.99553834 157599.6756 61.81817037 862.8511847 113371.692 4.771405852 44961.70881 4.771405852
439 413.9008789 5 63.07061011 153569.6145 58.69702597 843.5136752 113188.2907 4.545195437 44671.47601 4.545195437
440 395.5567545 5 60.27531497 149642.6082 55.73346537 824.6095421 113005.1861 4.329709566 44383.11669 4.329709566
441 378.0256433 4 57.60390755 145816.0214 52.9195323 806.1290728 112822.3778 4.124439793 44096.61876 4.124439793
442 361.2715126 4 55.05089716 142087.2861 50.24767222 788.0627726 112639.8651 3.928901777 43811.97021 3.928901777
443 345.2599265 4 52.61103642 138453.9002 47.71071197 770.4013594 112457.6478 3.742634138 43529.15909 3.742634138
444 329.9579753 3 50.27931052 134913.4255 45.30184058 753.1357592 112275.7252 3.565197373 43248.17356 3.565197373
445 315.334208 3 48.05092693 131463.486 43.01459097 736.2571015 112094.0968 3.396172813 42969.00181 3.396172813
446 301.3585674 3 45.9213055 128101.7667 40.84282255 719.7567143 111912.7624 3.235161638 42691.63215 3.235161638
447 288.0023284 3 43.88606909 124826.0116 38.78070479 703.6261201 111731.7212 3.081783938 42416.05294 3.081783938
448 275.2380392 3 41.94103454 121634.0225 36.82270152 687.8570316 111550.9729 2.935677813 42142.25263 2.935677813
449 263.0394644 2 40.08220409 118523.6574 34.96355609 672.4413468 111370.5171 2.796498519 41870.21973 2.796498519
450 251.3815315 2 38.30575718 115492.829 33.19827726 657.3711457 111190.3531 2.66391766 41599.94283 2.66391766
451 240.2402793 2 36.60804256 112539.5034 31.52212579 642.6386855 111010.4806 2.537622405 41331.41059 2.537622405
452 229.5928084 2 34.9855708 109661.6988 29.93060171 628.2363971 110830.8991 2.417314757 41064.61176 2.417314757
453 219.4172343 2 33.43500714 106857.484 28.41943227 614.1568808 110651.608 2.302710845 40799.53515 2.302710845
454 209.6926427 2 31.9531646 104124.9772 26.98456043 600.3929031 110472.6071 2.193540259 40536.16964 2.193540259
455 200.3990458 2 30.53699745 101462.3448 25.62213399 586.9373923 110293.8957 2.089545405 40274.50418 2.089545405
456 191.5173419 1 29.18359496 98867.79982 24.32849525 573.7834353 110115.4733 1.990480906 40014.5278 1.990480906
457 183.029276 1 27.89017539 96339.60128 23.10017117 560.924274 109937.3397 1.896113014 39756.2296 1.896113014
458 174.9174019 1 26.6540803 93876.05259 21.93386409 548.3533016 109759.4942 1.806219066 39499.59874 1.806219066
459 167.1650469 1 25.47276905 91475.50056 20.82644281 536.0640594 109581.9364 1.720586953 39244.62446 1.720586953
460 159.7562769 1 24.34381362 89136.33425 19.77493425 524.0502336 109404.6658 1.639014624 38991.29606 1.639014624
461 152.6758642 1 23.2648936 86856.98394 18.77651542 512.3056518 109227.682 1.561309606 38739.60293 1.561309606
462 145.9092561 1 22.23379141 84635.92006 17.82850587 500.8242799 109050.9845 1.487288551 38489.53451 1.487288551
463 139.4425447 1 21.24838776 82471.65213 16.92836047 489.600219 108874.5728 1.416776805 38241.08031 1.416776805
464 133.2624385 1 20.30665729 80362.72778 16.07366262 478.6277025 108698.4466 1.349607992 37994.2299 1.349607992
465 127.3562351 1 19.4066644 78307.73181 15.2621177 467.901093 108522.6052 1.285623625 37748.97295 1.285623625
466 121.7117953 1 18.54655928 76305.28518 14.49154696 457.4148794 108347.0483 1.22467273 37505.29915 1.22467273
467 116.3175175 1 17.7245741 74354.04412 13.75988165 447.1636742 108171.7754 1.166611493 37263.19829 1.166611493
468 111.1623146 1 16.93901937 72452.69924 13.06515747 437.1422106 107996.7861 1.111302916 37022.66023 1.111302916
469 106.2355908 1 16.1882805 70599.97461 12.4055093 427.3453397 107822.0798 1.058616496 36783.67486 1.058616496
470 101.5272198 1 15.47081444 68794.62694 11.77916618 417.7680282 107647.6561 1.008427918 36546.23217 1.008427918
471 97.02752421 0 14.78514655 67035.44473 11.18444656 408.4053556 107473.5146 0.960618759 36310.3222 0.960618759
472 92.72725556 0 14.12986751 65321.24745 10.61975381 399.2525114 107299.6549 0.915076214 36075.93505 0.915076214
473 88.61757521 0 13.50363051 63650.88478 10.08357189 390.3047933 107126.0763 0.871692822 35843.0609 0.871692822
474 84.69003626 0 12.90514838 62023.2358 9.574461318 381.557604 106952.7786 0.830366219 35611.68998 0.830366219
475 80.93656619 0 12.33319104 60437.20826 9.091055287 373.0064495 106779.7612 0.790998894 35381.81258 0.790998894
476 77.34945025 0 11.7865829 58891.73783 8.632055997 364.6469365 106607.0237 0.753497957 35153.41906 0.753497957
477 73.92131562 0 11.26420048 57385.7874 8.196231172 356.47477 106434.5657 0.717774925 34926.49985 0.717774925
478 70.64511622 0 10.76497009 55918.3464 7.782410755 348.4857513 106262.3866 0.683745507 34701.04543 0.683745507
479 67.51411828 0 10.28786564 54488.43007 7.389483762 340.6757759 106090.486 0.65132941 34477.04635 0.65132941
480 64.52188645 0 9.831906507 53095.07885 7.016395303 333.0408313 105918.8636 0.620450147 34254.4932 0.620450147
481 61.66227061 0 9.396155521 51737.35773 6.662143749 325.5769947 105747.5188 0.591034858 34033.37665 0.591034858
482 58.9293932 0 8.979717058 50414.35558 6.32577804 318.2804315 105576.4511 0.563014135 33813.68744 0.563014135
483 56.31763716 0 8.581735186 49125.18458 6.006395137 311.1473928 105405.6602 0.536321863 33595.41635 0.536321863
484 53.82163438 0 8.201391906 47868.97963 5.703137592 304.174214 105235.1456 0.510895062 33378.55422 0.510895062
485 51.43625468 0 7.837905475 46644.89773 5.415191251 297.3573122 105064.9068 0.486673734 33163.09196 0.486673734
486 49.15659522 0 7.490528795 45452.11745 5.141783064 290.6931853 104894.9435 0.46360073 32949.02053 0.46360073
487 46.97797047 0 7.158547881 44289.83836 4.882179013 284.1784093 104725.255 0.441621607 32736.33096 0.441621607
488 44.89590257 0 6.841280392 43157.2805 4.63568214 277.809637 104555.8411 0.420684506 32525.01432 0.420684506
489 42.90611211 0 6.538074226 42053.68384 4.401630674 271.5835964 104386.7012 0.400740025 32315.06176 0.400740025
490 41.00450934 0 6.248306185 40978.30781 4.179396259 265.4970888 104217.835 0.381741103 32106.46446 0.381741103
491 39.18718577 0 5.971380689 39930.43077 3.968382262 259.5469869 104049.2419 0.363642912 31899.21368 0.363642912
492 37.45040615 0 5.706728557 38909.34952 3.768022173 253.7302338 103880.9216 0.346402749 31693.30072 0.346402749
493 35.79060077 0 5.453805831 37914.37886 3.577778087 248.0438409 103712.8735 0.329979935 31488.71696 0.329979935
494 34.2043581 0 5.212092663 36944.85109 3.397139256 242.4848869 103545.0973 0.314335721 31285.45381 0.314335721
495 32.68841786 0 4.981092245 36000.11561 3.225620718 237.0505155 103377.5925 0.299433192 31083.50274 0.299433192
496 31.23966422 0 4.760329786 35079.53844 3.062761999 231.7379347 103210.3587 0.285237186 30882.8553 0.285237186
497 29.85511948 0 4.549351539 34182.50182 2.908125871 226.5444152 103043.3955 0.271714206 30683.50305 0.271714206
498 28.53193788 0 4.347723867 33308.40377 2.761297184 221.4672885 102876.7023 0.258832346 30485.43764 0.258832346
499 27.26739981 0 4.155032352 32456.65772 2.621881747 216.5039462 102710.2788 0.24656121 30288.65077 0.24656121
500 26.05890619 0 3.970880943 31626.69211 2.489505271 211.6518382 102544.1245 0.234871843 30093.13418 0.234871843
