Z(km) O2+ O+ CO2+ CO+ NO+ N2+ OH+ H+ HCO+
100 0.0113 3.98 8.8 3.9 39.6 0.283 0 2.95E-08 0
100 0.0113 3.98 8.8 3.9 39.6 0.283 0 2.95E-08 0
100 0.0113 3.98 8.8 3.9 39.6 0.283 0 2.95E-08 0
100 0.0113 3.98 8.8 3.9 39.6 0.283 0 2.95E-08 0
100 0.0113 3.98 8.8 3.9 39.6 0.283 0 2.95E-08 0
100 0.0113 3.98 8.8 3.9 39.6 0.283 0 2.95E-08 0
100 0.0113 3.98 8.8 3.9 39.6 0.283 0 2.95E-08 0
100 0.0113 3.98 8.8 3.9 39.6 0.283 0 2.95E-08 0
100 0.0113 3.98 8.8 3.9 39.6 0.282 0 2.95E-08 0
100 0.0113 3.98 8.8 3.9 39.6 0.282 0 2.95E-08 0
100 0.0113 3.98 8.79 3.9 39.6 0.282 0 2.95E-08 0
100 0.0113 3.98 8.79 3.9 39.6 0.282 0 2.95E-08 0
100 0.0113 3.98 8.79 3.9 39.6 0.282 0 2.95E-08 0
100 0.0113 3.98 8.79 3.89 39.6 0.282 0 2.95E-08 0
100.001 0.0113 3.98 8.79 3.89 39.6 0.282 0 2.94E-08 0
100.001 0.0113 3.97 8.78 3.89 39.6 0.282 0 2.94E-08 0
100.001 0.0113 3.97 8.78 3.89 39.6 0.282 0 2.94E-08 0
100.001 0.0113 3.97 8.78 3.89 39.6 0.282 0 2.94E-08 0
100.002 0.0112 3.97 8.77 3.89 39.6 0.282 0 2.94E-08 0
100.002 0.0112 3.97 8.77 3.89 39.6 0.282 0 2.94E-08 0
100.002 0.0112 3.97 8.77 3.89 39.6 0.282 0 2.94E-08 0
100.003 0.0112 3.97 8.77 3.89 39.6 0.282 0 2.94E-08 0
100.004 0.0112 3.97 8.76 3.88 39.6 0.281 0 2.94E-08 0
100.004 0.0112 3.96 8.76 3.88 39.6 0.281 0 2.94E-08 0
100.005 0.0112 3.96 8.76 3.88 39.6 0.281 0 2.93E-08 0
100.006 0.0112 3.96 8.76 3.88 39.5 0.281 0 2.94E-08 0
100.007 0.0112 3.96 8.75 3.88 39.5 0.281 0 2.93E-08 0
100.008 0.0112 3.96 8.75 3.88 39.5 0.281 0 2.93E-08 0
100.009 0.0112 3.96 8.75 3.88 39.5 0.281 0 2.93E-08 0
100.011 0.0112 3.96 8.74 3.88 39.5 0.281 0 2.93E-08 0
100.012 0.0112 3.96 8.74 3.88 39.5 0.281 0 2.93E-08 0
100.014 0.0112 3.95 8.74 3.87 39.5 0.281 0 2.93E-08 0
100.016 0.0112 3.95 8.74 3.87 39.5 0.281 0 2.93E-08 0
100.018 0.0112 3.95 8.73 3.87 39.5 0.28 0 2.93E-08 0
100.021 0.0112 3.95 8.73 3.87 39.5 0.281 0 2.93E-08 0
100.023 0.0112 3.95 8.73 3.87 39.5 0.281 0 2.93E-08 0
100.026 0.0112 3.95 8.73 3.87 39.5 0.281 0 2.93E-08 0
100.029 0.0112 3.95 8.73 3.87 39.5 0.281 0 2.94E-08 0
100.032 0.0112 3.95 8.73 3.87 39.5 0.281 0 2.94E-08 0
100.036 0.0112 3.95 8.73 3.87 39.5 0.281 0 2.94E-08 0
100.039 0.0112 3.95 8.73 3.87 39.5 0.28 0 2.94E-08 0
100.043 0.0112 3.95 8.73 3.87 39.4 0.28 0 2.94E-08 0
100.048 0.0112 3.95 8.73 3.87 39.4 0.28 0 2.94E-08 0
100.052 0.0112 3.95 8.73 3.87 39.4 0.281 0 2.95E-08 0
100.057 0.0112 3.95 8.73 3.87 39.4 0.281 0 2.95E-08 0
100.063 0.0112 3.95 8.73 3.87 39.4 0.281 0 2.95E-08 0
100.069 0.0113 3.95 8.74 3.87 39.4 0.281 0 2.96E-08 0
100.075 0.0113 3.96 8.74 3.88 39.4 0.281 0 2.96E-08 0
100.081 0.0113 3.96 8.75 3.88 39.4 0.281 0 2.97E-08 0
100.088 0.0113 3.96 8.75 3.88 39.3 0.281 0 2.97E-08 0
100.096 0.0113 3.96 8.75 3.88 39.3 0.282 0 2.98E-08 0
100.104 0.0113 3.96 8.76 3.88 39.3 0.282 0 2.98E-08 0
100.111 0.0113 3.97 8.77 3.89 39.3 0.282 0 2.99E-08 0
100.12 0.0114 3.97 8.77 3.89 39.3 0.282 0 0.00000003 0
100.129 0.0114 3.97 8.78 3.89 39.3 0.282 0 3.01E-08 0
100.138 0.0114 3.98 8.79 3.9 39.2 0.283 0 3.01E-08 0
100.149 0.0114 3.98 8.8 3.9 39.2 0.283 0 3.02E-08 0
100.159 0.0114 3.99 8.81 3.9 39.2 0.283 0 3.03E-08 0
100.171 0.0115 3.99 8.82 3.91 39.2 0.284 0 3.05E-08 0
100.183 0.0115 4 8.83 3.91 39.2 0.284 0 3.05E-08 0
100.195 0.0115 4 8.84 3.92 39.1 0.285 0 3.07E-08 0
100.208 0.0116 4.01 8.86 3.93 39.1 0.285 0 3.08E-08 0
100.222 0.0116 4.02 8.87 3.93 39.1 0.286 0 3.09E-08 0
100.237 0.0117 4.03 8.89 3.94 39 0.287 0 3.11E-08 0
100.252 0.0117 4.03 8.91 3.95 39 0.287 0 3.12E-08 0
100.268 0.0117 4.04 8.93 3.96 39 0.288 0 3.14E-08 0
100.284 0.0118 4.05 8.95 3.97 39 0.288 0 3.16E-08 0
100.302 0.0118 4.06 8.97 3.98 38.9 0.289 0 3.18E-08 0
100.32 0.0119 4.07 8.99 3.99 38.9 0.29 0 0.000000032 0
100.339 0.012 4.09 9.02 4 38.9 0.291 0 3.22E-08 0
100.359 0.012 4.1 9.05 4.01 38.8 0.292 0 3.24E-08 0
100.379 0.0121 4.11 9.07 4.02 38.8 0.293 0 3.27E-08 0
100.401 0.0121 4.12 9.1 4.04 38.7 0.294 0 3.29E-08 0
100.423 0.0122 4.14 9.14 4.05 38.7 0.295 0 3.32E-08 0
100.446 0.0123 4.15 9.17 4.07 38.7 0.296 0 3.35E-08 0
100.47 0.0124 4.17 9.2 4.08 38.6 0.297 0 3.38E-08 0
100.496 0.0125 4.19 9.24 4.1 38.6 0.299 0 3.41E-08 0
100.522 0.0125 4.2 9.28 4.12 38.5 0.3 0 3.44E-08 0
100.549 0.0126 4.22 9.31 4.13 38.5 0.301 0 3.47E-08 0
100.577 0.0127 4.24 9.35 4.15 38.4 0.303 0 3.51E-08 0
100.606 0.0128 4.26 9.4 4.17 38.4 0.304 0 3.55E-08 0
100.636 0.0129 4.28 9.44 4.19 38.3 0.306 0 3.58E-08 0
100.668 0.013 4.3 9.49 4.21 38.3 0.307 0 3.63E-08 0
100.7 0.0132 4.33 9.54 4.23 38.2 0.309 0 3.67E-08 0
100.734 0.0133 4.35 9.59 4.26 38.1 0.311 0 3.72E-08 0
100.768 0.0134 4.38 9.65 4.28 38.1 0.313 0 3.77E-08 0
100.804 0.0135 4.4 9.71 4.31 38 0.315 0 3.82E-08 0
100.842 0.0137 4.43 9.76 4.33 37.9 0.317 0 3.87E-08 0
100.88 0.0138 4.46 9.83 4.36 37.9 0.319 0 3.93E-08 0
100.92 0.014 4.49 9.89 4.39 37.8 0.321 0 3.98E-08 0
100.961 0.0141 4.52 9.96 4.42 37.7 0.324 0 4.04E-08 0
101.003 0.0143 4.55 10 4.45 37.7 0.326 0 4.11E-08 0
101.047 0.0145 4.59 10.1 4.49 37.6 0.329 0 4.18E-08 0
101.092 0.0147 4.63 10.2 4.53 37.5 0.332 0 4.26E-08 0
101.139 0.0149 4.67 10.3 4.57 37.4 0.335 0 4.33E-08 0
101.187 0.0151 4.72 10.4 4.62 37.3 0.338 0 4.42E-08 0
101.236 0.0153 4.77 10.5 4.66 37.3 0.342 0 4.51E-08 0
101.287 0.0156 4.81 10.6 4.7 37.2 0.345 0 0.000000046 0
101.339 0.0158 4.86 10.7 4.75 37.1 0.349 0 0.000000047 0
101.393 0.0161 4.91 10.8 4.8 37 0.353 0 0.000000048 0
101.449 0.0164 4.97 10.9 4.86 36.9 0.357 0 4.91E-08 0
101.506 0.0166 5.02 11 4.91 36.8 0.361 0 5.02E-08 0
101.564 0.0169 5.08 11.2 4.97 36.7 0.365 0 5.13E-08 0
101.625 0.0172 5.14 11.3 5.02 36.6 0.37 0 5.25E-08 0
101.687 0.0176 5.2 11.4 5.08 36.5 0.374 0 5.38E-08 0
101.751 0.0179 5.27 11.6 5.15 36.4 0.379 0 5.52E-08 0
101.816 0.0182 5.33 11.7 5.21 36.3 0.384 0 5.66E-08 0
101.884 0.0186 5.4 11.9 5.28 36.2 0.389 0 5.81E-08 0
101.953 0.019 5.47 12 5.34 36 0.394 0 5.96E-08 0
102.024 0.0194 5.55 12.2 5.42 35.9 0.4 0 6.13E-08 0
102.097 0.0198 5.62 12.3 5.49 35.8 0.406 0 0.000000063 0
102.171 0.0202 5.69 12.5 5.56 35.7 0.411 0 6.47E-08 0
102.248 0.0207 5.78 12.7 5.64 35.5 0.417 0 6.66E-08 0
102.326 0.0212 5.86 12.8 5.72 35.4 0.424 0 6.86E-08 0
102.407 0.0216 5.94 13 5.8 35.2 0.43 0 7.06E-08 0
102.489 0.0221 6.03 13.2 5.89 35.1 0.436 0 7.27E-08 0
102.574 0.0227 6.12 13.4 5.98 35 0.443 0 0.000000075 0
102.661 0.0232 6.22 13.6 6.07 34.8 0.45 0 7.73E-08 0
102.749 0.0238 6.32 13.8 6.16 34.6 0.458 0 7.98E-08 0
102.84 0.0244 6.42 14 6.26 34.5 0.465 0 8.24E-08 0
102.933 0.025 6.52 14.3 6.36 34.3 0.473 0 8.51E-08 0
103.028 0.0256 6.63 14.5 6.46 34.2 0.481 0 0.000000088 0
103.126 0.0263 6.73 14.7 6.57 34 0.489 0 9.09E-08 0
103.225 0.027 6.85 15 6.68 33.8 0.498 0 9.41E-08 0
103.327 0.0277 6.97 15.2 6.79 33.6 0.507 0 9.74E-08 0
103.431 0.0285 7.08 15.5 6.9 33.4 0.516 0 0.000000101 0
103.538 0.0293 7.21 15.7 7.02 33.2 0.525 0 0.000000104 0
103.647 0.0301 7.33 16 7.15 33.1 0.535 0 0.000000108 0
103.758 0.0309 7.47 16.3 7.27 32.9 0.545 0 0.000000112 0
103.872 0.0318 7.6 16.6 7.4 32.7 0.555 0 0.000000116 0
103.988 0.0327 7.73 16.9 7.53 32.5 0.565 0 0.000000121 0
104.106 0.0337 7.88 17.2 7.67 32.2 0.576 0 0.000000125 0
104.228 0.0347 8.03 17.5 7.82 32 0.588 0 0.00000013 0
104.351 0.0357 8.19 17.8 7.97 31.8 0.6 0 0.000000136 0
104.477 0.0368 8.34 18.2 8.12 31.6 0.612 0 0.000000141 0
104.606 0.0379 8.51 18.5 8.27 31.4 0.624 0 0.000000147 0
104.738 0.0391 8.67 18.9 8.43 31.1 0.637 0 0.000000153 0
104.872 0.0403 8.84 19.2 8.6 30.9 0.65 0 0.000000159 0
105.009 0.0416 9.02 19.6 8.76 30.7 0.664 0 0.000000165 0
105.148 0.043 9.22 20 8.96 30.4 0.679 0 0.000000173 0
105.291 0.0445 9.43 20.5 9.16 30.2 0.695 0 0.000000181 0
105.436 0.046 9.64 20.9 9.36 29.9 0.711 0 0.000000189 0
105.583 0.0476 9.86 21.4 9.57 29.7 0.728 0 0.000000198 0
105.734 0.0492 10.1 21.8 9.78 29.4 0.744 0 0.000000206 0
105.888 0.0509 10.3 22.3 10 29.1 0.762 0 0.000000216 0
106.044 0.0526 10.5 22.8 10.2 28.9 0.78 0 0.000000226 0
106.204 0.0544 10.8 23.3 10.4 28.6 0.798 0 0.000000236 0
106.366 0.0562 11 23.8 10.7 28.3 0.816 0 0.000000247 0
106.532 0.0581 11.2 24.3 10.9 28 0.835 0 0.000000259 0
106.7 0.06 11.5 24.8 11.1 27.8 0.854 0 0.000000271 0
106.872 0.062 11.7 25.3 11.4 27.5 0.873 0 0.000000283 0
107.046 0.0641 12 25.9 11.6 27.2 0.893 0 0.000000296 0
107.224 0.0662 12.3 26.4 11.9 26.9 0.914 0 0.00000031 0
107.405 0.0684 12.5 27 12.1 26.6 0.934 0 0.000000325 0
107.589 0.0706 12.8 27.5 12.4 26.3 0.955 0 0.00000034 0
107.776 0.0729 13.1 28.1 12.6 26 0.976 0 0.000000356 0
107.967 0.0752 13.3 28.7 12.9 25.7 0.997 0 0.000000373 0
108.16 0.0775 13.6 29.2 13.1 25.4 1.02 0 0.00000039 0
108.358 0.0799 13.9 29.8 13.4 25 1.04 0 0.000000408 0
108.558 0.0822 14.1 30.3 13.6 24.7 1.06 0 0.000000427 0
108.762 0.0847 14.4 30.9 13.9 24.4 1.08 0 0.000000448 0
108.969 0.0872 14.7 31.5 14.2 24.1 1.1 0 0.000000469 0
109.18 0.0897 14.9 32 14.4 23.7 1.13 0 0.000000492 0
109.394 0.0922 15.2 32.6 14.7 23.4 1.15 0 0.000000517 0
109.612 0.0947 15.5 33.1 14.9 23.1 1.17 0 0.000000544 0
109.833 0.0973 15.8 33.7 15.2 22.7 1.19 0 0.000000574 0
110.057 0.1 16.1 34.3 15.5 22.4 1.21 0 0.000000609 0
110.286 0.103 16.4 35 15.8 22.1 1.24 0 0.00000065 0
110.518 0.106 16.7 35.6 16.1 21.7 1.26 0 0.000000698 0
110.753 0.108 17 36.3 16.4 21.4 1.29 0 0.000000756 0
110.992 0.111 17.3 37 16.7 21 1.32 0 0.000000829 0
111.235 0.114 17.7 37.7 17 20.7 1.34 0 0.000000916 0
111.482 0.117 18 38.5 17.3 20.3 1.36 0 0.00000102 0
111.732 0.12 18.3 39.3 17.6 20 1.39 0 0.00000117 0
111.986 0.123 18.7 40.2 18 19.6 1.42 0 0.00000135 0
112.244 0.126 19.1 41.2 18.4 19.3 1.45 0 0.00000157 0
112.506 0.129 19.5 42.2 18.8 18.9 1.48 0 0.00000186 0
112.772 0.132 20 43.4 19.2 18.6 1.52 0 0.00000222 0
113.041 0.136 20.5 44.9 19.7 18.2 1.56 0 0.00000269 0
113.315 0.14 21.1 46.6 20.3 17.9 1.6 0 0.00000329 0
113.592 0.145 21.8 48.5 21 17.5 1.65 0 0.00000405 0
113.874 0.15 22.6 50.9 21.7 17.2 1.7 0 0.00000503 0
114.159 0.155 23.4 53.4 22.5 16.9 1.76 0 0.0000062 0
114.449 0.161 24.3 56.3 23.4 16.5 1.83 0 0.00000763 0
114.743 0.168 25.3 59.6 24.4 16.2 1.9 0 0.00000936 0
115.04 0.175 26.4 63.3 25.5 15.8 1.98 0 0.0000115 0
115.342 0.182 27.3 66.8 26.4 15.5 2.05 0 0.0000137 0
115.648 0.19 28.4 70.8 27.5 15.1 2.13 0 0.0000163 0
115.959 0.199 29.7 75.3 28.7 14.8 2.22 0 0.0000194 0
116.273 0.209 31 80.4 30.1 14.5 2.33 0 0.000023 0
116.592 0.221 32.6 86.2 31.6 14.1 2.44 0 0.0000273 0
116.915 0.234 34.3 92.7 33.3 13.8 2.57 0 0.0000323 0
117.242 0.248 36 99.4 35.1 13.5 2.71 0 0.0000378 0
117.574 0.264 38 107 37 13.2 2.86 0 0.0000441 0
117.91 0.282 40.1 115 39.1 12.9 3.02 0 0.0000513 0
118.25 0.298 41.9 122 40.8 12.5 3.16 0 0.0000582 0
118.595 0.314 43.5 129 42.5 12.2 3.3 0 0.0000653 0
118.944 0.331 45.3 136 44.3 11.9 3.45 0 0.0000731 0
119.298 0.351 47.3 144 46.3 11.6 3.61 0 0.0000818 0
119.656 0.373 49.4 153 48.5 11.3 3.79 0 0.0000914 0
120.019 0.397 51.8 162 50.8 11 3.99 0 0.000102 0
120.386 0.423 54.3 172 53.3 10.7 4.21 0 0.000115 0
120.758 0.451 57 182 56 10.4 4.44 0 0.000129 0
121.134 0.482 59.7 193 58.8 10.2 4.69 0 0.000144 0
121.516 0.513 62.5 203 61.5 9.87 4.94 0 0.00016 0
121.901 0.547 65.4 214 64.5 9.6 5.2 0 0.000177 0
122.292 0.582 68.4 225 67.5 9.33 5.48 0 0.000196 0
122.687 0.62 71.5 237 70.6 9.07 5.78 0 0.000216 0
123.087 0.661 74.8 249 74 8.81 6.09 0 0.000237 0
123.492 0.705 78.3 261 77.5 8.55 6.43 0 0.000261 0
123.901 0.753 82 274 81.2 8.3 6.79 0 0.000286 0
124.324 0.806 86.2 288 85.4 8.05 7.2 0 0.000315 0
124.743 0.862 90.5 303 89.7 7.81 7.63 0 0.000345 0
125.166 0.923 95.1 318 94.4 7.58 8.1 0 0.000378 0
125.595 0.99 100 335 99.5 7.35 8.62 0 0.000414 0
126.028 1.06 105 352 105 7.13 9.17 0 0.000453 0
126.467 1.14 111 370 111 6.91 9.77 0 0.000496 0
126.91 1.22 117 388 117 6.7 10.4 0 0.000542 0
127.359 1.31 124 407 123 6.49 11.1 0 0.000591 0
127.812 1.41 130 427 130 6.29 11.8 0 0.000643 0
128.271 1.51 137 447 137 6.09 12.6 0 0.000699 0
128.735 1.62 144 467 144 5.9 13.4 0 0.000758 0
129.203 1.73 152 487 151 5.72 14.2 0 0.00082 0
129.677 1.85 159 508 159 5.53 15.1 0 0.000887 0
130.156 1.97 167 529 167 5.36 16 0 0.000957 0
130.64 2.11 176 552 176 5.19 17 0 0.00104 0
131.13 2.26 185 575 185 5.03 18.1 0 0.00112 0
131.624 2.41 195 599 195 4.87 19.2 0 0.00121 0
132.124 2.58 204 623 205 4.71 20.4 0 0.0013 0
132.629 2.75 214 647 214 4.56 21.6 0 0.00139 0
133.139 2.92 224 670 224 4.42 22.8 0 0.00149 0
133.655 3.1 233 691 234 4.28 24 0 0.00159 0
134.176 3.27 242 712 243 4.14 25.2 0 0.0017 0
134.702 3.46 251 732 252 4.01 26.4 0 0.00181 0
135.234 3.65 260 751 261 3.88 27.6 0 0.00192 0
135.771 3.83 268 768 269 3.76 28.8 0 0.00203 0
136.313 4.03 277 786 278 3.64 30 0 0.00215 0
136.861 4.23 285 804 287 3.53 31.2 0 0.00227 0
137.414 4.44 294 821 295 3.42 32.5 0 0.00239 0
137.973 4.65 301 836 303 3.31 33.6 0 0.00252 0
138.537 4.85 308 849 310 3.21 34.7 0 0.00264 0
139.107 5.05 314 860 316 3.11 35.7 0 0.00276 0
139.683 5.24 319 869 322 3.01 36.6 0 0.00288 0
140.264 5.43 323 875 326 2.92 37.5 0 0.00302 0
140.85 5.61 326 879 329 2.82 38.2 0 0.00319 0
141.442 5.78 329 881 332 2.73 38.8 0 0.00336 0
142.04 5.95 330 881 334 2.65 39.4 0 0.00353 0
142.644 6.11 331 880 335 2.56 39.8 0 0.00371 0
143.252 6.27 331 877 335 2.48 40.2 0 0.00389 0
143.867 6.42 331 873 335 2.4 40.5 0 0.00407 0
144.488 6.56 330 867 334 2.32 40.7 0 0.00426 0
145.114 6.69 328 859 332 2.24 40.8 0 0.00444 0
145.746 6.8 324 849 329 2.17 40.8 0 0.00462 0
146.384 6.9 321 837 326 2.09 40.6 0 0.0048 0
147.027 6.99 316 823 321 2.02 40.4 0 0.00497 0
147.676 7.06 310 807 316 1.95 40 0 0.00514 0
148.331 7.12 304 790 310 1.88 39.6 0 0.00531 0
148.992 7.16 298 772 304 1.81 39.1 0 0.00546 0
149.659 7.2 291 753 297 1.75 38.5 0 0.00562 0
150.332 7.22 284 733 290 1.68 37.8 0 0.00579 0
151.01 7.24 276 713 282 1.62 37.1 0 0.00598 0
151.695 7.24 268 692 275 1.55 36.3 0 0.00617 0
152.385 7.22 260 670 267 1.49 35.5 0 0.00635 0
153.081 7.19 252 647 258 1.43 34.6 0 0.00653 0
153.784 7.15 243 624 250 1.37 33.7 0 0.0067 0
154.492 7.1 234 601 241 1.32 32.7 0 0.00686 0
155.206 7.02 226 580 233 1.26 31.8 0 0.00699 0
155.926 6.86 220 565 226 1.22 30.8 0 0.00707 0
156.653 6.69 214 549 219 1.18 29.8 0 0.00715 0
157.385 6.52 208 532 212 1.13 28.8 0 0.00723 0
158.123 6.34 201 515 204 1.09 27.7 0 0.00732 0
158.868 6.15 194 497 196 1.04 26.6 0 0.00741 0
159.619 5.95 187 477 188 0.997 25.4 0 0.00751 0
160.375 5.89 179 455 179 0.974 24.6 0 0.00764 0
161.138 5.96 170 429 169 0.977 24.3 0 0.0078 0
161.907 6.04 160 401 159 0.98 23.9 0 0.00797 0
162.682 6.12 150 371 148 0.983 23.5 0 0.00816 0
163.464 6.21 139 340 136 0.986 23 0 0.00835 0
164.251 6.3 127 307 124 0.989 22.6 0 0.00855 0
165.045 6.37 116 274 112 0.99 22.1 0 0.00874 0
165.845 6.17 111 262 107 0.938 21.3 0 0.00879 0
166.651 5.97 106 250 102 0.885 20.5 0 0.00883 0
167.463 5.77 101 237 97.3 0.832 19.7 0 0.00887 0
168.282 5.55 96.3 225 92.3 0.777 18.9 0 0.00892 0
169.107 5.34 91.2 212 87.3 0.723 18 0 0.00897 0
169.938 5.11 85.8 199 82 0.667 17.2 0 0.00902 0
170.775 4.97 83.5 193 79.4 0.656 16.8 0 0.009 0
171.619 4.84 81.3 189 77 0.648 16.6 0 0.00898 0
172.469 4.7 79.2 184 74.6 0.641 16.3 0 0.00896 0
173.326 4.56 77 179 72.1 0.633 16 0 0.00893 0
174.188 4.42 74.9 175 69.7 0.625 15.7 0 0.00891 0
175.058 4.28 72.6 170 67.1 0.618 15.4 0 0.00889 0
175.933 4.16 69.4 161 63.8 0.61 14.6 0 0.00889 0
176.815 4.05 66.2 153 60.5 0.603 13.7 0 0.0089 0
177.703 3.93 62.9 144 57 0.596 12.9 0 0.0089 0
178.598 3.81 59.5 135 53.6 0.588 12 0 0.0089 0
179.499 3.68 56.1 126 50 0.58 11.1 0 0.00891 0
180.407 3.55 53.1 118 46.5 0.57 10.5 0 0.0089 0
181.321 3.42 50.4 110 43 0.557 10.2 0 0.00889 0
182.242 3.28 47.8 103 39.5 0.544 9.84 0 0.00888 0
183.169 3.14 45.1 95.1 35.9 0.531 9.49 0 0.00887 0
184.102 3 42.4 87.2 32.2 0.518 9.14 0 0.00886 0
185.042 2.85 39.6 79.4 28.7 0.504 8.79 0 0.00884 0
185.989 2.82 38.1 75.3 27.2 0.484 8.59 0 0.0088 0
186.942 2.78 36.5 71.1 25.7 0.465 8.39 0 0.00875 0
187.901 2.74 34.9 66.9 24.2 0.445 8.18 0 0.0087 0
188.867 2.7 33.2 62.6 22.7 0.425 7.98 0 0.00866 0
189.84 2.65 31.6 58.3 21.1 0.404 7.77 0 0.00861 0
190.819 2.59 30 54 19.5 0.388 7.36 0 0.00856 0
191.804 2.53 28.4 49.6 18 0.373 6.91 0 0.00852 0
192.797 2.46 26.8 45.1 16.3 0.358 6.45 0 0.00847 0
193.796 2.39 25.2 40.6 14.7 0.342 5.99 0 0.00842 0
194.801 2.32 23.6 36 13.1 0.326 5.52 0 0.00837 0
195.813 2.23 22.6 34 12.3 0.315 5.24 0 0.00831 0
196.832 2.12 21.8 32.6 11.8 0.304 5 0 0.00824 0
197.857 2.02 20.9 31.2 11.2 0.293 4.76 0 0.00817 0
198.889 1.92 20 29.8 10.7 0.282 4.51 0 0.00809 0
199.927 1.81 19.1 28.4 10.1 0.271 4.27 0 0.00802 0
200.973 1.72 18.2 26.4 9.46 0.258 4.07 0 0.00802 0
202.024 1.63 17.3 24.5 8.81 0.245 3.89 0 0.00802 0
203.083 1.55 16.5 22.8 8.2 0.233 3.71 0 0.00801 0
204.148 1.47 15.7 21.2 7.63 0.221 3.54 0 0.00801 0
205.22 1.39 15 19.6 7.1 0.21 3.38 0 0.00801 0
206.298 1.31 14.3 18.2 6.6 0.2 3.22 0 0.008 0
207.383 1.24 13.6 16.9 6.13 0.19 3.07 0 0.008 0
208.475 1.18 12.9 15.6 5.69 0.18 2.92 0 0.00799 0
209.574 1.11 12.3 14.4 5.28 0.171 2.78 0 0.00799 0
210.679 1.05 11.8 13.4 4.9 0.162 2.65 0 0.00798 0
211.791 0.993 11.2 12.4 4.55 0.153 2.52 0 0.00798 0
212.91 0.938 10.7 11.4 4.21 0.145 2.4 0 0.00797 0
214.035 0.886 10.2 10.5 3.91 0.138 2.28 0 0.00796 0
215.167 0.836 9.74 9.74 3.62 0.13 2.17 0 0.00795 0
216.306 0.788 9.3 8.98 3.35 0.123 2.06 0 0.00794 0
217.452 0.743 8.88 8.29 3.1 0.117 1.96 0 0.00793 0
218.604 0.701 8.48 7.64 2.87 0.11 1.86 0 0.00792 0
219.763 0.66 8.1 7.03 2.65 0.104 1.76 0 0.00791 0
220.929 0.622 7.74 6.48 2.45 0.0986 1.67 0 0.0079 0
222.102 0.586 7.4 5.96 2.27 0.0932 1.59 0 0.00789 0
223.281 0.551 7.07 5.48 2.09 0.088 1.51 0 0.00788 0
224.467 0.518 6.76 5.04 1.93 0.0831 1.43 0 0.00787 0
225.66 0.488 6.47 4.63 1.79 0.0784 1.35 0 0.00786 0
226.86 0.458 6.19 4.25 1.65 0.074 1.28 0 0.00784 0
228.066 0.431 5.93 3.91 1.52 0.0698 1.21 0 0.00783 0
229.28 0.405 5.67 3.58 1.4 0.0658 1.15 0 0.00782 0
230.5 0.38 5.43 3.29 1.29 0.062 1.09 0 0.00781 0
231.727 0.357 5.2 3.01 1.19 0.0585 1.03 0 0.00779 0
232.96 0.335 4.99 2.76 1.1 0.0551 0.974 0 0.00778 0
234.201 0.314 4.78 2.53 1.01 0.0519 0.921 0 0.00777 0
235.448 0.294 4.58 2.31 0.93 0.0488 0.87 0 0.00775 0
236.702 0.276 4.39 2.12 0.856 0.0459 0.822 0 0.00774 0
237.963 0.259 4.21 1.93 0.788 0.0432 0.777 0 0.00773 0
239.231 0.242 4.04 1.77 0.725 0.0406 0.734 0 0.00771 0
240.505 0.227 3.87 1.61 0.666 0.0382 0.693 0 0.0077 0
241.786 0.212 3.71 1.47 0.613 0.0359 0.654 0 0.00768 0
243.075 0.199 3.56 1.34 0.563 0.0337 0.617 0 0.00767 0
244.369 0.186 3.42 1.23 0.517 0.0317 0.582 0 0.00765 0
245.671 0.174 3.28 1.12 0.475 0.0297 0.548 0 0.00764 0
246.98 0.162 3.15 1.02 0.437 0.0279 0.517 0 0.00762 0
248.296 0.152 3.03 0.928 0.401 0.0262 0.487 0 0.00761 0
249.618 0.142 2.91 0.844 0.368 0.0245 0.459 0 0.00759 0
250.947 0.132 2.79 0.768 0.338 0.023 0.432 0 0.00758 0
252.283 0.123 2.68 0.699 0.31 0.0216 0.407 0 0.00756 0
253.626 0.115 2.57 0.635 0.284 0.0202 0.383 0 0.00755 0
254.975 0.107 2.47 0.577 0.261 0.0189 0.36 0 0.00753 0
256.332 0.1 2.38 0.524 0.239 0.0177 0.339 0 0.00752 0
257.695 0.0932 2.28 0.475 0.219 0.0166 0.318 0 0.0075 0
259.065 0.0869 2.19 0.431 0.201 0.0155 0.299 0 0.00748 0
260.442 0.0809 2.11 0.391 0.184 0.0145 0.281 0 0.00747 0
261.826 0.0753 2.02 0.354 0.169 0.0136 0.264 0 0.00745 0
263.216 0.0701 1.94 0.321 0.155 0.0127 0.248 0 0.00743 0
264.614 0.0652 1.87 0.29 0.142 0.0119 0.233 0 0.00742 0
266.018 0.0606 1.8 0.263 0.13 0.0111 0.218 0 0.0074 0
267.429 0.0563 1.73 0.238 0.119 0.0103 0.205 0 0.00739 0
268.847 0.0524 1.66 0.215 0.109 0.00965 0.192 0 0.00737 0
270.272 0.0486 1.59 0.194 0.0995 0.00901 0.18 0 0.00735 0
271.704 0.0452 1.53 0.175 0.0911 0.0084 0.169 0 0.00734 0
273.142 0.0419 1.47 0.158 0.0834 0.00784 0.158 0 0.00732 0
274.588 0.0389 1.41 0.143 0.0763 0.00731 0.148 0 0.0073 0
276.04 0.0361 1.36 0.129 0.0699 0.00681 0.139 0 0.00729 0
277.499 0.0335 1.3 0.116 0.0639 0.00634 0.13 0 0.00727 0
278.965 0.031 1.25 0.105 0.0585 0.00591 0.122 0 0.00725 0
280.437 0.0287 1.2 0.0942 0.0535 0.0055 0.114 0 0.00723 0
281.917 0.0266 1.16 0.0847 0.049 0.00512 0.106 0 0.00722 0
283.403 0.0246 1.11 0.0762 0.0448 0.00476 0.0994 0 0.0072 0
284.896 0.0228 1.07 0.0685 0.041 0.00443 0.0929 0 0.00718 0
286.396 0.0211 1.02 0.0616 0.0375 0.00412 0.0868 0 0.00717 0
287.845 0.0196 0.985 0.0556 0.0344 0.00384 0.0813 0 0.00715 0
289.359 0.0181 0.946 0.0499 0.0315 0.00357 0.0759 0 0.00713 0
290.88 0.0167 0.908 0.0447 0.0288 0.00331 0.0708 0 0.00711 0
292.408 0.0155 0.871 0.0401 0.0263 0.00308 0.0661 0 0.0071 0
293.943 0.0143 0.836 0.036 0.0241 0.00285 0.0617 0 0.00708 0
295.484 0.0132 0.803 0.0322 0.022 0.00265 0.0575 0 0.00706 0
297.032 0.0122 0.77 0.0289 0.0202 0.00246 0.0536 0 0.00704 0
298.587 0.0112 0.739 0.0259 0.0184 0.00228 0.05 0 0.00703 0
300.149 0.0104 0.709 0.0231 0.0169 0.00211 0.0466 0 0.00701 0
301.718 0.00955 0.68 0.0207 0.0154 0.00196 0.0434 0 0.00699 0
303.293 0.0088 0.653 0.0185 0.0141 0.00181 0.0404 0 0.00697 0
304.876 0.00811 0.626 0.0165 0.0129 0.00168 0.0376 0 0.00696 0
306.465 0.00747 0.6 0.0147 0.0118 0.00155 0.035 0 0.00694 0
308.06 0.00687 0.575 0.0132 0.0108 0.00144 0.0325 0 0.00692 0
309.663 0.00633 0.552 0.0117 0.00988 0.00133 0.0302 0 0.0069 0
311.272 0.00582 0.529 0.0105 0.00904 0.00123 0.0281 0 0.00689 0
312.888 0.00535 0.507 0.00933 0.00827 0.00114 0.0261 0 0.00687 0
314.511 0.00492 0.486 0.00831 0.00757 0.00105 0.0243 0 0.00685 0
316.14 0.00452 0.465 0.0074 0.00693 0.000971 0.0226 0 0.00683 0
317.777 0.00415 0.446 0.00659 0.00634 0.000897 0.0209 0 0.00681 0
319.42 0.00382 0.427 0.00586 0.0058 0.000828 0.0194 0 0.0068 0
321.07 0.0035 0.409 0.00521 0.00531 0.000764 0.018 0 0.00678 0
322.726 0.00321 0.392 0.00463 0.00486 0.000705 0.0167 0 0.00676 0
324.389 0.00295 0.375 0.00411 0.00445 0.000651 0.0155 0 0.00674 0
326.06 0.00271 0.359 0.00365 0.00407 0.0006 0.0144 0 0.00672 0
327.736 0.00248 0.344 0.00324 0.00372 0.000553 0.0133 0 0.0067 0
329.42 0.00227 0.329 0.00288 0.00341 0.00051 0.0124 0 0.00669 0
331.11 0.00208 0.315 0.00255 0.00312 0.000469 0.0114 0 0.00667 0
332.807 0.00191 0.301 0.00226 0.00286 0.000432 0.0106 0 0.00665 0
334.51 0.00175 0.288 0.002 0.00261 0.000398 0.00981 0 0.00663 0
336.22 0.0016 0.275 0.00177 0.00239 0.000366 0.00908 0 0.00661 0
337.938 0.00146 0.263 0.00157 0.00219 0.000337 0.0084 0 0.0066 0
339.661 0.00134 0.252 0.00139 0.002 0.00031 0.00777 0 0.00658 0
341.392 0.00122 0.241 0.00123 0.00184 0.000285 0.00718 0 0.00656 0
343.129 0.00112 0.23 0.00108 0.00168 0.000262 0.00664 0 0.00654 0
344.872 0.00102 0.22 0.000957 0.00154 0.000241 0.00613 0 0.00652 0
346.623 0.000932 0.21 0.000844 0.00141 0.000221 0.00566 0 0.0065 0
348.38 0.000851 0.201 0.000745 0.00129 0.000203 0.00523 0 0.00648 0
350.143 0.000777 0.192 0.000657 0.00118 0.000186 0.00483 0 0.00647 0
351.914 0.000709 0.183 0.000579 0.00108 0.000171 0.00446 0 0.00645 0
353.69 0.000647 0.175 0.00051 0.000988 0.000157 0.00411 0 0.00643 0
355.474 0.00059 0.167 0.000449 0.000905 0.000144 0.00379 0 0.00641 0
357.264 0.000537 0.159 0.000396 0.000828 0.000132 0.0035 0 0.00639 0
359.061 0.00049 0.152 0.000348 0.000758 0.000121 0.00322 0 0.00637 0
360.864 0.000446 0.145 0.000306 0.000694 0.000111 0.00297 0 0.00636 0
362.675 0.000406 0.138 0.000269 0.000634 0.000101 0.00274 0 0.00634 0
364.491 0.000369 0.132 0.000236 0.000581 0.0000928 0.00252 0 0.00632 0
366.314 0.000336 0.126 0.000208 0.000531 0.0000849 0.00232 0 0.0063 0
368.144 0.000306 0.12 0.000182 0.000486 0.0000777 0.00214 0 0.00628 0
369.981 0.000278 0.115 0.00016 0.000445 0.0000711 0.00196 0 0.00626 0
371.823 0.000253 0.109 0.00014 0.000407 0.000065 0.00181 0 0.00624 0
373.673 0.00023 0.104 0.000123 0.000372 0.0000594 0.00166 0 0.00622 0
375.529 0.000209 0.0992 0.000108 0.00034 0.0000543 0.00153 0 0.00621 0
377.392 0.000189 0.0945 0.0000944 0.000311 0.0000496 0.0014 0 0.00619 0
379.261 0.000172 0.0901 0.0000826 0.000285 0.0000453 0.00129 0 0.00617 0
381.137 0.000156 0.0858 0.0000723 0.00026 0.0000413 0.00119 0 0.00615 0
383.019 0.000141 0.0817 0.0000633 0.000238 0.0000377 0.00109 0 0.00613 0
384.908 0.000128 0.0778 0.0000553 0.000218 0.0000344 0.000999 0 0.00611 0
386.803 0.000116 0.0741 0.0000483 0.000199 0.0000314 0.000917 0 0.00609 0
388.704 0.000105 0.0705 0.0000422 0.000182 0.0000286 0.000841 0 0.00608 0
390.613 0.0000955 0.0671 0.0000368 0.000166 0.0000261 0.000771 0 0.00606 0
392.527 0.0000865 0.0638 0.0000321 0.000152 0.0000238 0.000707 0 0.00604 0
394.449 0.0000783 0.0607 0.0000279 0.000139 0.0000217 0.000648 0 0.00602 0
396.376 0.0000708 0.0578 0.0000244 0.000127 0.0000197 0.000594 0 0.006 0
398.311 0.0000641 0.055 0.0000213 0.000116 0.000018 0.000544 0 0.00598 0
400.251 0.0000579 0.0523 0.0000185 0.000106 0.0000163 0.000498 0 0.00596 0
402.198 0.0000524 0.0497 0.0000162 0.0000964 0.0000149 0.000456 0 0.00594 0
404.152 0.0000473 0.0472 0.0000141 0.000088 0.0000135 0.000417 0 0.00593 0
406.111 0.0000428 0.0449 0.0000122 0.0000803 0.0000123 0.000382 0 0.00591 0
408.078 0.0000386 0.0427 0.0000106 0.0000732 0.0000112 0.000349 0 0.00589 0
410.051 0.0000349 0.0405 0.00000916 0.0000668 0.0000102 0.00032 0 0.00587 0
412.03 0.0000315 0.0385 0.00000797 0.0000609 0.00000922 0.000292 0 0.00585 0
414.015 0.0000284 0.0366 0.00000701 0.0000556 0.00000837 0.000267 0 0.00583 0
416.007 0.0000256 0.0347 0.00000604 0.0000507 0.0000076 0.000244 0 0.00581 0
418.006 0.0000231 0.033 0.00000532 0.0000462 0.0000069 0.000223 0 0.00579 0
420.01 0.0000208 0.0313 0.00000459 0.0000421 0.00000626 0.000203 0 0.00578 0
422.021 0.0000188 0.0297 0.00000386 0.0000384 0.00000567 0.000186 0 0.00576 0
424.039 0.0000169 0.0282 0.00000338 0.000035 0.00000515 0.000169 0 0.00574 0
426.062 0.0000152 0.0268 0.00000289 0.0000318 0.00000466 0.000155 0 0.00572 0
428.092 0.0000137 0.0254 0.00000264 0.000029 0.00000423 0.000141 0 0.0057 0
430.129 0.0000123 0.0241 0.00000218 0.0000264 0.00000383 0.000129 0 0.00568 0
432.171 0.0000111 0.0229 0.00000189 0.000024 0.00000347 0.000117 0 0.00566 0
434.22 0.00000997 0.0217 0.00000164 0.0000219 0.00000314 0.000107 0 0.00564 0
436.276 0.00000896 0.0205 0.00000145 0.0000199 0.00000284 0.0000973 0 0.00563 0
438.337 0.00000806 0.0195 0.00000121 0.0000181 0.00000257 0.0000887 0 0.00561 0
440.405 0.00000724 0.0185 0.0000011 0.0000165 0.00000232 0.0000807 0 0.00559 0
442.479 0.0000065 0.0175 0.000000967 0.000015 0.0000021 0.0000735 0 0.00557 0
444.56 0.00000584 0.0166 0.000000726 0.0000136 0.0000019 0.0000669 0 0.00555 0
446.646 0.00000524 0.0157 0.000000726 0.0000124 0.00000172 0.0000608 0 0.00553 0
448.739 0.0000047 0.0149 0.000000538 0.0000112 0.00000155 0.0000553 0 0.00551 0
450.838 0.00000422 0.0141 0.000000484 0.0000102 0.0000014 0.0000503 0 0.00549 0
452.943 0.00000378 0.0133 0.000000484 0.00000929 0.00000126 0.0000457 0 0.00548 0
455.055 0.00000339 0.0126 0.000000465 0.00000845 0.00000114 0.0000415 0 0.00546 0
457.172 0.00000304 0.012 0.000000242 0.00000762 0.00000103 0.0000377 0 0.00544 0
459.296 0.00000272 0.0113 0.000000242 0.00000692 0.000000928 0.0000343 0 0.00542 0
461.426 0.00000244 0.0107 0.000000242 0.0000063 0.000000837 0.0000311 0 0.0054 0
463.562 0.00000218 0.0101 0.000000242 0.00000572 0.000000755 0.0000283 0 0.00538 0
465.705 0.00000195 0.00959 0.000000242 0.0000052 0.00000068 0.0000256 0 0.00536 0
467.853 0.00000175 0.00907 0.000000242 0.00000472 0.000000613 0.0000233 0 0.00535 0
470.008 0.00000156 0.00858 0 0.00000421 0.000000552 0.0000211 0 0.00533 0
472.168 0.0000014 0.00811 0 0.00000382 0.000000497 0.0000191 0 0.00531 0
474.335 0.00000125 0.00767 0 0.00000346 0.000000447 0.0000173 0 0.00529 0
476.508 0.00000112 0.00725 0 0.00000314 0.000000402 0.0000157 0 0.00527 0
478.687 0.000000996 0.00685 0 0.00000284 0.000000362 0.0000142 0 0.00525 0
480.872 0.000000889 0.00647 0 0.00000257 0.000000326 0.0000129 0 0.00523 0
483.064 0.000000794 0.00611 0 0.00000233 0.000000293 0.0000117 0 0.00522 0
485.261 0.000000709 0.00578 0 0.00000211 0.000000263 0.0000106 0 0.0052 0
487.464 0.000000632 0.00546 0 0.00000191 0.000000236 0.00000956 0 0.00518 0
489.674 0.000000564 0.00515 0 0.00000173 0.000000212 0.00000865 0 0.00516 0
491.889 0.000000503 0.00487 0 0.00000156 0.000000191 0.00000782 0 0.00514 0
494.11 0.000000448 0.00459 0 0.00000141 0.000000171 0.00000707 0 0.00512 0
496.337 0.000000399 0.00434 0 0.00000128 0.000000154 0.0000064 0 0.0051 0
498.571 0.000000356 0.00409 0 0.00000115 0.000000138 0.00000578 0 0.00509 0
500.81 0.000000317 0.00386 0 0.00000104 0.000000124 0.00000522 0 0.00507 0
